2.000025600000000026e+01 2.000025600000000026e+01
2.000025600000000026e+01 2.000025600000000026e+01
1.992960000000000065e+01 1.992960000000000065e+01
1.725235199999999969e+00 1.725235199999999969e+00
1.647923199999999966e+01 1.647923199999999966e+01
3.468339199999999778e+01 3.468339199999999778e+01
5.288960000000000150e+01 5.288960000000000150e+01
5.645311999999999841e+01 5.645311999999999841e+01
5.645311999999999841e+01 5.645311999999999841e+01
5.645311999999999841e+01 5.645311999999999841e+01
5.645311999999999841e+01 5.645311999999999841e+01
5.645311999999999841e+01 5.645311999999999841e+01
5.645311999999999841e+01 5.645311999999999841e+01
5.645311999999999841e+01 5.645311999999999841e+01
5.645311999999999841e+01 5.645311999999999841e+01
5.645311999999999841e+01 5.645311999999999841e+01
5.645311999999999841e+01 5.645311999999999841e+01
5.645311999999999841e+01 5.645311999999999841e+01
5.645311999999999841e+01 5.645311999999999841e+01
5.643775999999999726e+01 5.643775999999999726e+01
5.293567999999999785e+01 5.293567999999999785e+01
2.601779200000000003e+01 2.601779200000000003e+01
9.006079999999999641e-01 9.006079999999999641e-01
2.781900800000000018e+01 2.781900800000000018e+01
5.473792000000000257e+01 5.473792000000000257e+01
5.825023999999999802e+01 5.825023999999999802e+01
5.813248000000000104e+01 5.813248000000000104e+01
5.801984000000000208e+01 5.801984000000000208e+01
5.790207999999999799e+01 5.790207999999999799e+01
