CIE 15.2-1986 Table 1.2
Part 1. Component S0 of daylight used in the calculation of relative spectral
power distribution of daylight illuminants of different correlated colour
temperatures, for wavelength 300 to 830 nm at 5 nm intervals
0.04
3.02
6.00
17.80
29.60
42.45
55.30
56.30
57.30
59.55
61.80
61.65
61.50
65.15
68.80
66.10
63.40
64.60
65.80
80.30
94.80
99.80
104.80
105.35
105.90
101.35
96.80
105.35
113.90
119.75
125.60
125.55
125.50
123.40
121.30
121.30
121.30
117.40
113.50
113.30
113.10
111.95
110.80
108.65
106.50
107.65
108.80
107.05
105.30
104.85
104.40
102.20
100.00
98.00
96.00
95.55
95.10
92.10
89.10
89.80
90.50
90.40
90.30
89.35
88.40
86.20
84.00
84.55
85.10
83.50
81.90
82.25
82.60
83.75
84.90
83.10
81.30
76.60
71.90
73.10
74.30
75.35
76.40
69.85
63.30
67.50
71.70
74.35
77.00
71.10
65.20
56.45
47.70
58.15
68.60
66.80
65.00
65.50
66.00
63.50
61.00
57.15
53.30
56.10
58.90
60.40
61.90
