CIE 15.2-1986 Table 1.2
Part 2. Component S1 of daylight used in the calculation of relative spectral
power distribution f daylight illuminants of different correlated colour
temperatures, for wavelength 300 to 830 nm at 5 nm intervals
0.02
2.26
4.50
13.45
22.40
32.20
42.00
41.30
40.60
41.10
41.60
39.80
38.00
40.20
42.40
40.45
38.50
36.75
35.00
39.20
43.40
44.85
46.30
45.10
43.90
40.50
37.10
36.90
36.70
36.30
35.90
34.25
32.60
30.25
27.90
26.10
24.30
22.20
20.10
18.15
16.20
14.70
13.20
10.90
8.60
7.35
6.10
5.15
4.20
3.05
1.90
0.95
0.00
-0.80
-1.60
-2.55
-3.50
-3.50
-3.50
-4.65
-5.80
-6.50
-7.20
-7.90
-8.60
-9.05
-9.50
-10.20
-10.90
-10.80
-10.70
-11.35
-12.00
-13.00
-14.00
-13.80
-13.60
-12.80
-12.00
-12.65
-13.30
-13.10
-12.90
-11.75
-10.60
-11.10
-11.60
-11.90
-12.20
-11.20
-10.20
-9.00
-7.80
-9.50
-11.20
-10.80
-10.40
-10.50
-10.60
-10.15
-9.70
-9.00
-8.30
-8.80
-9.30
-9.55
-9.80
