CIE 15.2-1986 Table 2.2 data
CIE 1964 Supplementary Standard Colorimetric Observer x10(lambda) data between
380 nm and 780 nm at 5 nm intervals
0.0002
0.0007
0.0024
0.0072
0.0191
0.0434
0.0847
0.1406
0.2045
0.2647
0.3147
0.3577
0.3837
0.3867
0.3707
0.3430
0.3023
0.2541
0.1956
0.1323
0.0805
0.0411
0.0162
0.0051
0.0038
0.0154
0.0375
0.0714
0.1177
0.1730
0.2365
0.3042
0.3768
0.4516
0.5298
0.6161
0.7052
0.7938
0.8787
0.9512
1.0142
1.0743
1.1185
1.1343
1.1240
1.0891
1.0305
0.9507
0.8563
0.7549
0.6475
0.5351
0.4316
0.3437
0.2683
0.2043
0.1526
0.1122
0.0813
0.0579
0.0409
0.0286
0.0199
0.0138
0.0096
0.0066
0.0046
0.0031
0.0022
0.0015
0.0010
0.0007
0.0005
0.0004
0.0003
0.0002
0.0001
0.0001
0.0001
0.0000
0.0000
