CIE 15.2-1986 Table 2.1 data
CIE 1931 Standard Colorimetric Observer x2(lambda) data between 380 nm and 780
nm at 5 nm intervals
0.0014
0.0022
0.0042
0.0076
0.0143
0.0232
0.0435
0.0776
0.1344
0.2148
0.2839
0.3285
0.3483
0.3481
0.3362
0.3187
0.2908
0.2511
0.1954
0.1421
0.0956
0.0580
0.0320
0.0147
0.0049
0.0024
0.0093
0.0291
0.0633
0.1096
0.1655
0.2257
0.2904
0.3597
0.4334
0.5121
0.5945
0.6784
0.7621
0.8425
0.9163
0.9786
1.0263
1.0567
1.0622
1.0456
1.0026
0.9384
0.8544
0.7514
0.6424
0.5419
0.4479
0.3608
0.2835
0.2187
0.1649
0.1212
0.0874
0.0636
0.0468
0.0329
0.0227
0.0158
0.0114
0.0081
0.0058
0.0041
0.0029
0.0020
0.0014
0.0010
0.0007
0.0005
0.0003
0.0002
0.0002
0.0001
0.0001
0.0001
0.0000

