CIE 15.2-1986 Table 2.1 data
CIE 1931 Standard Colorimetric Observer z2(lambda) data between 380 nm and 630
nm at 5 nm intervals
0.0065
0.0105
0.0201
0.0362
0.0679
0.1102
0.2074
0.3713
0.6456
1.0391
1.3856
1.623
1.7471
1.7826
1.7721
1.7441
1.6692
1.5281
1.2876
1.0419
0.813
0.6162
0.4652
0.3533
0.272
0.2123
0.1582
0.1117
0.0782
0.0573
0.0422
0.0298
0.0203
0.0134
0.0087
0.0057
0.0039
0.0027
0.0021
0.0018
0.0017
0.0014
0.0011
0.001
0.0008
0.0006
0.0003
0.0002
0.0002
0.0001
0
