390.0,  -3.23355
390.1,  -3.22524
390.2,  -3.21693
390.3,  -3.20863
390.4,  -3.20034
390.5,  -3.19206
390.6,  -3.18379
390.7,  -3.17553
390.8,  -3.16727
390.9,  -3.15903
391.0,  -3.15079
391.1,  -3.14256
391.2,  -3.13434
391.3,  -3.12613
391.4,  -3.11793
391.5,  -3.10974
391.6,  -3.10156
391.7,  -3.09339
391.8,  -3.08524
391.9,  -3.07709
392.0,  -3.06895
392.1,  -3.06083
392.2,  -3.05271
392.3,  -3.04461
392.4,  -3.03652
392.5,  -3.02844
392.6,  -3.02038
392.7,  -3.01232
392.8,  -3.00428
392.9,  -2.99626
393.0,  -2.98824
393.1,  -2.98024
393.2,  -2.97225
393.3,  -2.96428
393.4,  -2.95631
393.5,  -2.94837
393.6,  -2.94043
393.7,  -2.93252
393.8,  -2.92461
393.9,  -2.91672
394.0,  -2.90885
394.1,  -2.90099
394.2,  -2.89315
394.3,  -2.88532
394.4,  -2.87750
394.5,  -2.86971
394.6,  -2.86193
394.7,  -2.85416
394.8,  -2.84642
394.9,  -2.83869
395.0,  -2.83097
395.1,  -2.82328
395.2,  -2.81560
395.3,  -2.80794
395.4,  -2.80029
395.5,  -2.79267
395.6,  -2.78506
395.7,  -2.77747
395.8,  -2.76990
395.9,  -2.76234
396.0,  -2.75481
396.1,  -2.74730
396.2,  -2.73980
396.3,  -2.73233
396.4,  -2.72487
396.5,  -2.71744
396.6,  -2.71002
396.7,  -2.70263
396.8,  -2.69525
396.9,  -2.68790
397.0,  -2.68056
397.1,  -2.67325
397.2,  -2.66596
397.3,  -2.65869
397.4,  -2.65144
397.5,  -2.64422
397.6,  -2.63702
397.7,  -2.62983
397.8,  -2.62268
397.9,  -2.61554
398.0,  -2.60843
398.1,  -2.60134
398.2,  -2.59427
398.3,  -2.58723
398.4,  -2.58021
398.5,  -2.57321
398.6,  -2.56624
398.7,  -2.55929
398.8,  -2.55237
398.9,  -2.54547
399.0,  -2.53860
399.1,  -2.53175
399.2,  -2.52493
399.3,  -2.51813
399.4,  -2.51136
399.5,  -2.50461
399.6,  -2.49789
399.7,  -2.49120
399.8,  -2.48453
399.9,  -2.47789
400.0,  -2.47128
400.1,  -2.46469
400.2,  -2.45813
400.3,  -2.45160
400.4,  -2.44509
400.5,  -2.43861
400.6,  -2.43216
400.7,  -2.42573
400.8,  -2.41932
400.9,  -2.41294
401.0,  -2.40658
401.1,  -2.40025
401.2,  -2.39394
401.3,  -2.38766
401.4,  -2.38140
401.5,  -2.37516
401.6,  -2.36895
401.7,  -2.36275
401.8,  -2.35658
401.9,  -2.35043
402.0,  -2.34430
402.1,  -2.33820
402.2,  -2.33211
402.3,  -2.32605
402.4,  -2.32000
402.5,  -2.31398
402.6,  -2.30797
402.7,  -2.30199
402.8,  -2.29602
402.9,  -2.29007
403.0,  -2.28414
403.1,  -2.27823
403.2,  -2.27234
403.3,  -2.26646
403.4,  -2.26061
403.5,  -2.25477
403.6,  -2.24894
403.7,  -2.24313
403.8,  -2.23734
403.9,  -2.23157
404.0,  -2.22581
404.1,  -2.22006
404.2,  -2.21434
404.3,  -2.20862
404.4,  -2.20292
404.5,  -2.19724
404.6,  -2.19156
404.7,  -2.18591
404.8,  -2.18026
404.9,  -2.17463
405.0,  -2.16901
405.1,  -2.16340
405.2,  -2.15781
405.3,  -2.15223
405.4,  -2.14666
405.5,  -2.14111
405.6,  -2.13557
405.7,  -2.13004
405.8,  -2.12453
405.9,  -2.11904
406.0,  -2.11356
406.1,  -2.10810
406.2,  -2.10266
406.3,  -2.09723
406.4,  -2.09182
406.5,  -2.08643
406.6,  -2.08105
406.7,  -2.07570
406.8,  -2.07036
406.9,  -2.06504
407.0,  -2.05975
407.1,  -2.05447
407.2,  -2.04921
407.3,  -2.04398
407.4,  -2.03876
407.5,  -2.03357
407.6,  -2.02840
407.7,  -2.02325
407.8,  -2.01813
407.9,  -2.01302
408.0,  -2.00795
408.1,  -2.00289
408.2,  -1.99786
408.3,  -1.99286
408.4,  -1.98788
408.5,  -1.98292
408.6,  -1.97799
408.7,  -1.97309
408.8,  -1.96821
408.9,  -1.96337
409.0,  -1.95854
409.1,  -1.95375
409.2,  -1.94899
409.3,  -1.94425
409.4,  -1.93954
409.5,  -1.93486
409.6,  -1.93022
409.7,  -1.92560
409.8,  -1.92101
409.9,  -1.91645
410.0,  -1.91193
410.1,  -1.90743
410.2,  -1.90297
410.3,  -1.89854
410.4,  -1.89414
410.5,  -1.88977
410.6,  -1.88543
410.7,  -1.88111
410.8,  -1.87683
410.9,  -1.87258
411.0,  -1.86835
411.1,  -1.86415
411.2,  -1.85998
411.3,  -1.85584
411.4,  -1.85172
411.5,  -1.84763
411.6,  -1.84357
411.7,  -1.83953
411.8,  -1.83552
411.9,  -1.83153
412.0,  -1.82757
412.1,  -1.82363
412.2,  -1.81972
412.3,  -1.81583
412.4,  -1.81196
412.5,  -1.80812
412.6,  -1.80429
412.7,  -1.80049
412.8,  -1.79672
412.9,  -1.79296
413.0,  -1.78922
413.1,  -1.78551
413.2,  -1.78182
413.3,  -1.77814
413.4,  -1.77449
413.5,  -1.77085
413.6,  -1.76724
413.7,  -1.76364
413.8,  -1.76006
413.9,  -1.75650
414.0,  -1.75295
414.1,  -1.74942
414.2,  -1.74591
414.3,  -1.74242
414.4,  -1.73894
414.5,  -1.73548
414.6,  -1.73204
414.7,  -1.72860
414.8,  -1.72519
414.9,  -1.72178
415.0,  -1.71840
415.1,  -1.71502
415.2,  -1.71166
415.3,  -1.70831
415.4,  -1.70498
415.5,  -1.70166
415.6,  -1.69836
415.7,  -1.69507
415.8,  -1.69180
415.9,  -1.68854
416.0,  -1.68529
416.1,  -1.68206
416.2,  -1.67885
416.3,  -1.67565
416.4,  -1.67247
416.5,  -1.66931
416.6,  -1.66616
416.7,  -1.66303
416.8,  -1.65991
416.9,  -1.65681
417.0,  -1.65373
417.1,  -1.65066
417.2,  -1.64761
417.3,  -1.64458
417.4,  -1.64157
417.5,  -1.63857
417.6,  -1.63560
417.7,  -1.63264
417.8,  -1.62969
417.9,  -1.62677
418.0,  -1.62387
418.1,  -1.62098
418.2,  -1.61811
418.3,  -1.61527
418.4,  -1.61244
418.5,  -1.60963
418.6,  -1.60684
418.7,  -1.60407
418.8,  -1.60132
418.9,  -1.59859
419.0,  -1.59588
419.1,  -1.59319
419.2,  -1.59052
419.3,  -1.58788
419.4,  -1.58525
419.5,  -1.58264
419.6,  -1.58006
419.7,  -1.57749
419.8,  -1.57495
419.9,  -1.57243
420.0,  -1.56993
420.1,  -1.56746
420.2,  -1.56500
420.3,  -1.56257
420.4,  -1.56016
420.5,  -1.55776
420.6,  -1.55539
420.7,  -1.55303
420.8,  -1.55070
420.9,  -1.54838
421.0,  -1.54608
421.1,  -1.54379
421.2,  -1.54153
421.3,  -1.53927
421.4,  -1.53704
421.5,  -1.53482
421.6,  -1.53261
421.7,  -1.53042
421.8,  -1.52824
421.9,  -1.52607
422.0,  -1.52392
422.1,  -1.52178
422.2,  -1.51965
422.3,  -1.51753
422.4,  -1.51543
422.5,  -1.51333
422.6,  -1.51124
422.7,  -1.50916
422.8,  -1.50709
422.9,  -1.50503
423.0,  -1.50297
423.1,  -1.50093
423.2,  -1.49889
423.3,  -1.49685
423.4,  -1.49482
423.5,  -1.49280
423.6,  -1.49078
423.7,  -1.48877
423.8,  -1.48676
423.9,  -1.48475
424.0,  -1.48274
424.1,  -1.48074
424.2,  -1.47874
424.3,  -1.47674
424.4,  -1.47474
424.5,  -1.47275
424.6,  -1.47075
424.7,  -1.46875
424.8,  -1.46675
424.9,  -1.46475
425.0,  -1.46275
425.1,  -1.46074
425.2,  -1.45873
425.3,  -1.45672
425.4,  -1.45471
425.5,  -1.45269
425.6,  -1.45068
425.7,  -1.44866
425.8,  -1.44664
425.9,  -1.44462
426.0,  -1.44260
426.1,  -1.44057
426.2,  -1.43855
426.3,  -1.43652
426.4,  -1.43449
426.5,  -1.43246
426.6,  -1.43043
426.7,  -1.42840
426.8,  -1.42637
426.9,  -1.42434
427.0,  -1.42231
427.1,  -1.42028
427.2,  -1.41825
427.3,  -1.41622
427.4,  -1.41419
427.5,  -1.41215
427.6,  -1.41012
427.7,  -1.40809
427.8,  -1.40606
427.9,  -1.40404
428.0,  -1.40201
428.1,  -1.39998
428.2,  -1.39795
428.3,  -1.39593
428.4,  -1.39391
428.5,  -1.39188
428.6,  -1.38986
428.7,  -1.38784
428.8,  -1.38583
428.9,  -1.38381
429.0,  -1.38180
429.1,  -1.37978
429.2,  -1.37777
429.3,  -1.37577
429.4,  -1.37376
429.5,  -1.37176
429.6,  -1.36976
429.7,  -1.36776
429.8,  -1.36577
429.9,  -1.36377
430.0,  -1.36179
430.1,  -1.35980
430.2,  -1.35782
430.3,  -1.35584
430.4,  -1.35386
430.5,  -1.35189
430.6,  -1.34992
430.7,  -1.34795
430.8,  -1.34599
430.9,  -1.34403
431.0,  -1.34207
431.1,  -1.34012
431.2,  -1.33817
431.3,  -1.33622
431.4,  -1.33428
431.5,  -1.33234
431.6,  -1.33040
431.7,  -1.32847
431.8,  -1.32654
431.9,  -1.32461
432.0,  -1.32269
432.1,  -1.32077
432.2,  -1.31886
432.3,  -1.31695
432.4,  -1.31504
432.5,  -1.31314
432.6,  -1.31124
432.7,  -1.30934
432.8,  -1.30745
432.9,  -1.30556
433.0,  -1.30368
433.1,  -1.30180
433.2,  -1.29992
433.3,  -1.29805
433.4,  -1.29619
433.5,  -1.29432
433.6,  -1.29246
433.7,  -1.29061
433.8,  -1.28876
433.9,  -1.28691
434.0,  -1.28507
434.1,  -1.28323
434.2,  -1.28140
434.3,  -1.27957
434.4,  -1.27775
434.5,  -1.27593
434.6,  -1.27412
434.7,  -1.27231
434.8,  -1.27050
434.9,  -1.26870
435.0,  -1.26690
435.1,  -1.26511
435.2,  -1.26333
435.3,  -1.26155
435.4,  -1.25977
435.5,  -1.25800
435.6,  -1.25624
435.7,  -1.25448
435.8,  -1.25273
435.9,  -1.25098
436.0,  -1.24924
436.1,  -1.24751
436.2,  -1.24579
436.3,  -1.24407
436.4,  -1.24236
436.5,  -1.24066
436.6,  -1.23896
436.7,  -1.23728
436.8,  -1.23560
436.9,  -1.23393
437.0,  -1.23227
437.1,  -1.23062
437.2,  -1.22897
437.3,  -1.22734
437.4,  -1.22571
437.5,  -1.22410
437.6,  -1.22249
437.7,  -1.22090
437.8,  -1.21931
437.9,  -1.21774
438.0,  -1.21618
438.1,  -1.21462
438.2,  -1.21308
438.3,  -1.21155
438.4,  -1.21003
438.5,  -1.20852
438.6,  -1.20703
438.7,  -1.20554
438.8,  -1.20407
438.9,  -1.20261
439.0,  -1.20116
439.1,  -1.19973
439.2,  -1.19831
439.3,  -1.19690
439.4,  -1.19551
439.5,  -1.19412
439.6,  -1.19276
439.7,  -1.19140
439.8,  -1.19006
439.9,  -1.18874
440.0,  -1.18743
440.1,  -1.18613
440.2,  -1.18485
440.3,  -1.18358
440.4,  -1.18233
440.5,  -1.18109
440.6,  -1.17986
440.7,  -1.17865
440.8,  -1.17745
440.9,  -1.17626
441.0,  -1.17508
441.1,  -1.17391
441.2,  -1.17275
441.3,  -1.17161
441.4,  -1.17048
441.5,  -1.16935
441.6,  -1.16824
441.7,  -1.16713
441.8,  -1.16604
441.9,  -1.16495
442.0,  -1.16387
442.1,  -1.16280
442.2,  -1.16174
442.3,  -1.16068
442.4,  -1.15963
442.5,  -1.15859
442.6,  -1.15756
442.7,  -1.15653
442.8,  -1.15551
442.9,  -1.15449
443.0,  -1.15348
443.1,  -1.15247
443.2,  -1.15147
443.3,  -1.15047
443.4,  -1.14948
443.5,  -1.14849
443.6,  -1.14750
443.7,  -1.14652
443.8,  -1.14554
443.9,  -1.14456
444.0,  -1.14358
444.1,  -1.14260
444.2,  -1.14163
444.3,  -1.14066
444.4,  -1.13968
444.5,  -1.13871
444.6,  -1.13774
444.7,  -1.13677
444.8,  -1.13579
444.9,  -1.13482
445.0,  -1.13384
445.1,  -1.13287
445.2,  -1.13189
445.3,  -1.13091
445.4,  -1.12993
445.5,  -1.12895
445.6,  -1.12796
445.7,  -1.12698
445.8,  -1.12600
445.9,  -1.12501
446.0,  -1.12403
446.1,  -1.12304
446.2,  -1.12206
446.3,  -1.12107
446.4,  -1.12009
446.5,  -1.11910
446.6,  -1.11812
446.7,  -1.11714
446.8,  -1.11615
446.9,  -1.11517
447.0,  -1.11419
447.1,  -1.11321
447.2,  -1.11223
447.3,  -1.11126
447.4,  -1.11028
447.5,  -1.10931
447.6,  -1.10834
447.7,  -1.10737
447.8,  -1.10640
447.9,  -1.10544
448.0,  -1.10448
448.1,  -1.10352
448.2,  -1.10256
448.3,  -1.10161
448.4,  -1.10066
448.5,  -1.09971
448.6,  -1.09876
448.7,  -1.09782
448.8,  -1.09689
448.9,  -1.09595
449.0,  -1.09502
449.1,  -1.09410
449.2,  -1.09317
449.3,  -1.09226
449.4,  -1.09134
449.5,  -1.09044
449.6,  -1.08953
449.7,  -1.08863
449.8,  -1.08774
449.9,  -1.08685
450.0,  -1.08597
450.1,  -1.08509
450.2,  -1.08422
450.3,  -1.08335
450.4,  -1.08249
450.5,  -1.08163
450.6,  -1.08077
450.7,  -1.07992
450.8,  -1.07907
450.9,  -1.07822
451.0,  -1.07738
451.1,  -1.07653
451.2,  -1.07569
451.3,  -1.07486
451.4,  -1.07402
451.5,  -1.07318
451.6,  -1.07234
451.7,  -1.07151
451.8,  -1.07067
451.9,  -1.06983
452.0,  -1.06900
452.1,  -1.06816
452.2,  -1.06731
452.3,  -1.06647
452.4,  -1.06563
452.5,  -1.06478
452.6,  -1.06393
452.7,  -1.06307
452.8,  -1.06222
452.9,  -1.06136
453.0,  -1.06049
453.1,  -1.05962
453.2,  -1.05875
453.3,  -1.05787
453.4,  -1.05698
453.5,  -1.05609
453.6,  -1.05519
453.7,  -1.05429
453.8,  -1.05338
453.9,  -1.05246
454.0,  -1.05153
454.1,  -1.05060
454.2,  -1.04966
454.3,  -1.04871
454.4,  -1.04775
454.5,  -1.04678
454.6,  -1.04580
454.7,  -1.04481
454.8,  -1.04381
454.9,  -1.04280
455.0,  -1.04178
455.1,  -1.04075
455.2,  -1.03971
455.3,  -1.03866
455.4,  -1.03759
455.5,  -1.03652
455.6,  -1.03543
455.7,  -1.03433
455.8,  -1.03322
455.9,  -1.03210
456.0,  -1.03097
456.1,  -1.02982
456.2,  -1.02866
456.3,  -1.02750
456.4,  -1.02632
456.5,  -1.02512
456.6,  -1.02392
456.7,  -1.02270
456.8,  -1.02148
456.9,  -1.02024
457.0,  -1.01899
457.1,  -1.01772
457.2,  -1.01645
457.3,  -1.01516
457.4,  -1.01386
457.5,  -1.01255
457.6,  -1.01122
457.7,  -1.00989
457.8,  -1.00854
457.9,  -1.00718
458.0,  -1.00581
458.1,  -1.00442
458.2,  -1.00302
458.3,  -1.00161
458.4,  -1.00019
458.5,  -0.99875
458.6,  -0.99730
458.7,  -0.99584
458.8,  -0.99437
458.9,  -0.99288
459.0,  -0.99138
459.1,  -0.98987
459.2,  -0.98835
459.3,  -0.98681
459.4,  -0.98526
459.5,  -0.98370
459.6,  -0.98212
459.7,  -0.98053
459.8,  -0.97893
459.9,  -0.97731
460.0,  -0.97568
460.1,  -0.97404
460.2,  -0.97238
460.3,  -0.97072
460.4,  -0.96904
460.5,  -0.96735
460.6,  -0.96564
460.7,  -0.96393
460.8,  -0.96221
460.9,  -0.96047
461.0,  -0.95873
461.1,  -0.95697
461.2,  -0.95521
461.3,  -0.95344
461.4,  -0.95166
461.5,  -0.94987
461.6,  -0.94808
461.7,  -0.94628
461.8,  -0.94447
461.9,  -0.94265
462.0,  -0.94083
462.1,  -0.93900
462.2,  -0.93717
462.3,  -0.93534
462.4,  -0.93349
462.5,  -0.93165
462.6,  -0.92980
462.7,  -0.92795
462.8,  -0.92609
462.9,  -0.92423
463.0,  -0.92237
463.1,  -0.92051
463.2,  -0.91864
463.3,  -0.91678
463.4,  -0.91491
463.5,  -0.91305
463.6,  -0.91118
463.7,  -0.90931
463.8,  -0.90745
463.9,  -0.90558
464.0,  -0.90372
464.1,  -0.90186
464.2,  -0.90000
464.3,  -0.89815
464.4,  -0.89629
464.5,  -0.89444
464.6,  -0.89260
464.7,  -0.89076
464.8,  -0.88892
464.9,  -0.88709
465.0,  -0.88526
465.1,  -0.88344
465.2,  -0.88162
465.3,  -0.87981
465.4,  -0.87801
465.5,  -0.87621
465.6,  -0.87442
465.7,  -0.87263
465.8,  -0.87085
465.9,  -0.86908
466.0,  -0.86731
466.1,  -0.86555
466.2,  -0.86379
466.3,  -0.86204
466.4,  -0.86030
466.5,  -0.85856
466.6,  -0.85683
466.7,  -0.85511
466.8,  -0.85339
466.9,  -0.85168
467.0,  -0.84997
467.1,  -0.84827
467.2,  -0.84658
467.3,  -0.84489
467.4,  -0.84321
467.5,  -0.84154
467.6,  -0.83987
467.7,  -0.83821
467.8,  -0.83656
467.9,  -0.83492
468.0,  -0.83328
468.1,  -0.83165
468.2,  -0.83002
468.3,  -0.82840
468.4,  -0.82679
468.5,  -0.82519
468.6,  -0.82359
468.7,  -0.82200
468.8,  -0.82042
468.9,  -0.81884
469.0,  -0.81727
469.1,  -0.81571
469.2,  -0.81416
469.3,  -0.81261
469.4,  -0.81108
469.5,  -0.80954
469.6,  -0.80802
469.7,  -0.80650
469.8,  -0.80500
469.9,  -0.80349
470.0,  -0.80200
470.1,  -0.80052
470.2,  -0.79904
470.3,  -0.79757
470.4,  -0.79610
470.5,  -0.79465
470.6,  -0.79320
470.7,  -0.79176
470.8,  -0.79032
470.9,  -0.78889
471.0,  -0.78747
471.1,  -0.78606
471.2,  -0.78465
471.3,  -0.78325
471.4,  -0.78185
471.5,  -0.78046
471.6,  -0.77908
471.7,  -0.77770
471.8,  -0.77632
471.9,  -0.77496
472.0,  -0.77359
472.1,  -0.77224
472.2,  -0.77088
472.3,  -0.76954
472.4,  -0.76820
472.5,  -0.76686
472.6,  -0.76553
472.7,  -0.76420
472.8,  -0.76288
472.9,  -0.76156
473.0,  -0.76024
473.1,  -0.75893
473.2,  -0.75762
473.3,  -0.75632
473.4,  -0.75502
473.5,  -0.75372
473.6,  -0.75243
473.7,  -0.75114
473.8,  -0.74986
473.9,  -0.74857
474.0,  -0.74729
474.1,  -0.74602
474.2,  -0.74474
474.3,  -0.74347
474.4,  -0.74220
474.5,  -0.74093
474.6,  -0.73967
474.7,  -0.73841
474.8,  -0.73714
474.9,  -0.73589
475.0,  -0.73463
475.1,  -0.73337
475.2,  -0.73212
475.3,  -0.73087
475.4,  -0.72962
475.5,  -0.72837
475.6,  -0.72712
475.7,  -0.72587
475.8,  -0.72463
475.9,  -0.72338
476.0,  -0.72214
476.1,  -0.72090
476.2,  -0.71966
476.3,  -0.71843
476.4,  -0.71719
476.5,  -0.71596
476.6,  -0.71473
476.7,  -0.71349
476.8,  -0.71226
476.9,  -0.71104
477.0,  -0.70981
477.1,  -0.70858
477.2,  -0.70736
477.3,  -0.70614
477.4,  -0.70491
477.5,  -0.70369
477.6,  -0.70248
477.7,  -0.70126
477.8,  -0.70004
477.9,  -0.69883
478.0,  -0.69762
478.1,  -0.69640
478.2,  -0.69519
478.3,  -0.69398
478.4,  -0.69277
478.5,  -0.69157
478.6,  -0.69036
478.7,  -0.68916
478.8,  -0.68795
478.9,  -0.68675
479.0,  -0.68555
479.1,  -0.68435
479.2,  -0.68315
479.3,  -0.68196
479.4,  -0.68076
479.5,  -0.67957
479.6,  -0.67837
479.7,  -0.67718
479.8,  -0.67599
479.9,  -0.67480
480.0,  -0.67361
480.1,  -0.67242
480.2,  -0.67124
480.3,  -0.67005
480.4,  -0.66887
480.5,  -0.66768
480.6,  -0.66650
480.7,  -0.66532
480.8,  -0.66414
480.9,  -0.66296
481.0,  -0.66179
481.1,  -0.66061
481.2,  -0.65944
481.3,  -0.65827
481.4,  -0.65710
481.5,  -0.65593
481.6,  -0.65476
481.7,  -0.65359
481.8,  -0.65243
481.9,  -0.65127
482.0,  -0.65011
482.1,  -0.64895
482.2,  -0.64779
482.3,  -0.64664
482.4,  -0.64549
482.5,  -0.64434
482.6,  -0.64319
482.7,  -0.64204
482.8,  -0.64090
482.9,  -0.63976
483.0,  -0.63862
483.1,  -0.63748
483.2,  -0.63634
483.3,  -0.63521
483.4,  -0.63408
483.5,  -0.63295
483.6,  -0.63182
483.7,  -0.63070
483.8,  -0.62958
483.9,  -0.62846
484.0,  -0.62734
484.1,  -0.62623
484.2,  -0.62511
484.3,  -0.62400
484.4,  -0.62290
484.5,  -0.62179
484.6,  -0.62069
484.7,  -0.61960
484.8,  -0.61850
484.9,  -0.61741
485.0,  -0.61632
485.1,  -0.61523
485.2,  -0.61415
485.3,  -0.61307
485.4,  -0.61199
485.5,  -0.61091
485.6,  -0.60983
485.7,  -0.60876
485.8,  -0.60768
485.9,  -0.60661
486.0,  -0.60554
486.1,  -0.60446
486.2,  -0.60339
486.3,  -0.60232
486.4,  -0.60125
486.5,  -0.60017
486.6,  -0.59910
486.7,  -0.59802
486.8,  -0.59694
486.9,  -0.59586
487.0,  -0.59478
487.1,  -0.59369
487.2,  -0.59261
487.3,  -0.59152
487.4,  -0.59042
487.5,  -0.58933
487.6,  -0.58823
487.7,  -0.58712
487.8,  -0.58601
487.9,  -0.58490
488.0,  -0.58378
488.1,  -0.58266
488.2,  -0.58153
488.3,  -0.58040
488.4,  -0.57926
488.5,  -0.57811
488.6,  -0.57696
488.7,  -0.57580
488.8,  -0.57463
488.9,  -0.57346
489.0,  -0.57228
489.1,  -0.57109
489.2,  -0.56990
489.3,  -0.56869
489.4,  -0.56748
489.5,  -0.56626
489.6,  -0.56503
489.7,  -0.56379
489.8,  -0.56254
489.9,  -0.56128
490.0,  -0.56001
490.1,  -0.55873
490.2,  -0.55744
490.3,  -0.55614
490.4,  -0.55483
490.5,  -0.55351
490.6,  -0.55218
490.7,  -0.55084
490.8,  -0.54950
490.9,  -0.54814
491.0,  -0.54677
491.1,  -0.54540
491.2,  -0.54402
491.3,  -0.54263
491.4,  -0.54123
491.5,  -0.53982
491.6,  -0.53840
491.7,  -0.53698
491.8,  -0.53555
491.9,  -0.53411
492.0,  -0.53267
492.1,  -0.53121
492.2,  -0.52975
492.3,  -0.52829
492.4,  -0.52682
492.5,  -0.52534
492.6,  -0.52385
492.7,  -0.52236
492.8,  -0.52086
492.9,  -0.51936
493.0,  -0.51785
493.1,  -0.51633
493.2,  -0.51481
493.3,  -0.51329
493.4,  -0.51176
493.5,  -0.51022
493.6,  -0.50868
493.7,  -0.50714
493.8,  -0.50559
493.9,  -0.50404
494.0,  -0.50248
494.1,  -0.50092
494.2,  -0.49936
494.3,  -0.49779
494.4,  -0.49622
494.5,  -0.49464
494.6,  -0.49307
494.7,  -0.49149
494.8,  -0.48990
494.9,  -0.48832
495.0,  -0.48673
495.1,  -0.48514
495.2,  -0.48355
495.3,  -0.48195
495.4,  -0.48035
495.5,  -0.47875
495.6,  -0.47715
495.7,  -0.47555
495.8,  -0.47394
495.9,  -0.47234
496.0,  -0.47073
496.1,  -0.46911
496.2,  -0.46750
496.3,  -0.46589
496.4,  -0.46427
496.5,  -0.46265
496.6,  -0.46103
496.7,  -0.45940
496.8,  -0.45778
496.9,  -0.45615
497.0,  -0.45452
497.1,  -0.45289
497.2,  -0.45126
497.3,  -0.44962
497.4,  -0.44799
497.5,  -0.44635
497.6,  -0.44471
497.7,  -0.44307
497.8,  -0.44142
497.9,  -0.43978
498.0,  -0.43813
498.1,  -0.43648
498.2,  -0.43483
498.3,  -0.43318
498.4,  -0.43153
498.5,  -0.42988
498.6,  -0.42822
498.7,  -0.42656
498.8,  -0.42490
498.9,  -0.42324
499.0,  -0.42158
499.1,  -0.41992
499.2,  -0.41825
499.3,  -0.41659
499.4,  -0.41492
499.5,  -0.41325
499.6,  -0.41158
499.7,  -0.40991
499.8,  -0.40824
499.9,  -0.40657
500.0,  -0.40489
500.1,  -0.40321
500.2,  -0.40154
500.3,  -0.39986
500.4,  -0.39818
500.5,  -0.39650
500.6,  -0.39482
500.7,  -0.39314
500.8,  -0.39145
500.9,  -0.38977
501.0,  -0.38809
501.1,  -0.38640
501.2,  -0.38472
501.3,  -0.38303
501.4,  -0.38134
501.5,  -0.37966
501.6,  -0.37797
501.7,  -0.37628
501.8,  -0.37459
501.9,  -0.37291
502.0,  -0.37122
502.1,  -0.36953
502.2,  -0.36784
502.3,  -0.36616
502.4,  -0.36447
502.5,  -0.36278
502.6,  -0.36109
502.7,  -0.35941
502.8,  -0.35772
502.9,  -0.35604
503.0,  -0.35435
503.1,  -0.35266
503.2,  -0.35098
503.3,  -0.34930
503.4,  -0.34761
503.5,  -0.34593
503.6,  -0.34425
503.7,  -0.34257
503.8,  -0.34089
503.9,  -0.33921
504.0,  -0.33754
504.1,  -0.33586
504.2,  -0.33418
504.3,  -0.33251
504.4,  -0.33084
504.5,  -0.32917
504.6,  -0.32750
504.7,  -0.32583
504.8,  -0.32416
504.9,  -0.32250
505.0,  -0.32083
505.1,  -0.31917
505.2,  -0.31751
505.3,  -0.31585
505.4,  -0.31420
505.5,  -0.31254
505.6,  -0.31089
505.7,  -0.30924
505.8,  -0.30759
505.9,  -0.30595
506.0,  -0.30430
506.1,  -0.30266
506.2,  -0.30102
506.3,  -0.29938
506.4,  -0.29775
506.5,  -0.29611
506.6,  -0.29448
506.7,  -0.29285
506.8,  -0.29123
506.9,  -0.28960
507.0,  -0.28798
507.1,  -0.28636
507.2,  -0.28475
507.3,  -0.28313
507.4,  -0.28152
507.5,  -0.27991
507.6,  -0.27831
507.7,  -0.27670
507.8,  -0.27510
507.9,  -0.27351
508.0,  -0.27191
508.1,  -0.27032
508.2,  -0.26873
508.3,  -0.26715
508.4,  -0.26557
508.5,  -0.26399
508.6,  -0.26241
508.7,  -0.26084
508.8,  -0.25927
508.9,  -0.25770
509.0,  -0.25614
509.1,  -0.25458
509.2,  -0.25302
509.3,  -0.25147
509.4,  -0.24992
509.5,  -0.24838
509.6,  -0.24683
509.7,  -0.24530
509.8,  -0.24376
509.9,  -0.24223
510.0,  -0.24070
510.1,  -0.23918
510.2,  -0.23766
510.3,  -0.23614
510.4,  -0.23463
510.5,  -0.23312
510.6,  -0.23162
510.7,  -0.23012
510.8,  -0.22862
510.9,  -0.22713
511.0,  -0.22564
511.1,  -0.22415
511.2,  -0.22267
511.3,  -0.22119
511.4,  -0.21972
511.5,  -0.21825
511.6,  -0.21678
511.7,  -0.21532
511.8,  -0.21386
511.9,  -0.21241
512.0,  -0.21096
512.1,  -0.20951
512.2,  -0.20807
512.3,  -0.20663
512.4,  -0.20520
512.5,  -0.20377
512.6,  -0.20234
512.7,  -0.20092
512.8,  -0.19950
512.9,  -0.19809
513.0,  -0.19668
513.1,  -0.19528
513.2,  -0.19387
513.3,  -0.19248
513.4,  -0.19108
513.5,  -0.18970
513.6,  -0.18831
513.7,  -0.18693
513.8,  -0.18555
513.9,  -0.18418
514.0,  -0.18282
514.1,  -0.18145
514.2,  -0.18009
514.3,  -0.17874
514.4,  -0.17739
514.5,  -0.17604
514.6,  -0.17470
514.7,  -0.17336
514.8,  -0.17203
514.9,  -0.17070
515.0,  -0.16937
515.1,  -0.16805
515.2,  -0.16674
515.3,  -0.16543
515.4,  -0.16412
515.5,  -0.16282
515.6,  -0.16152
515.7,  -0.16023
515.8,  -0.15894
515.9,  -0.15766
516.0,  -0.15639
516.1,  -0.15512
516.2,  -0.15385
516.3,  -0.15259
516.4,  -0.15134
516.5,  -0.15009
516.6,  -0.14885
516.7,  -0.14762
516.8,  -0.14639
516.9,  -0.14516
517.0,  -0.14395
517.1,  -0.14274
517.2,  -0.14153
517.3,  -0.14034
517.4,  -0.13915
517.5,  -0.13797
517.6,  -0.13679
517.7,  -0.13562
517.8,  -0.13446
517.9,  -0.13331
518.0,  -0.13216
518.1,  -0.13102
518.2,  -0.12989
518.3,  -0.12877
518.4,  -0.12766
518.5,  -0.12655
518.6,  -0.12545
518.7,  -0.12436
518.8,  -0.12328
518.9,  -0.12221
519.0,  -0.12114
519.1,  -0.12008
519.2,  -0.11904
519.3,  -0.11800
519.4,  -0.11697
519.5,  -0.11595
519.6,  -0.11494
519.7,  -0.11394
519.8,  -0.11295
519.9,  -0.11196
520.0,  -0.11099
520.1,  -0.11003
520.2,  -0.10907
520.3,  -0.10813
520.4,  -0.10720
520.5,  -0.10627
520.6,  -0.10535
520.7,  -0.10445
520.8,  -0.10355
520.9,  -0.10266
521.0,  -0.10178
521.1,  -0.10091
521.2,  -0.10004
521.3,  -0.09919
521.4,  -0.09834
521.5,  -0.09750
521.6,  -0.09666
521.7,  -0.09584
521.8,  -0.09502
521.9,  -0.09421
522.0,  -0.09341
522.1,  -0.09261
522.2,  -0.09182
522.3,  -0.09104
522.4,  -0.09026
522.5,  -0.08950
522.6,  -0.08873
522.7,  -0.08798
522.8,  -0.08722
522.9,  -0.08648
523.0,  -0.08574
523.1,  -0.08501
523.2,  -0.08428
523.3,  -0.08356
523.4,  -0.08284
523.5,  -0.08213
523.6,  -0.08142
523.7,  -0.08072
523.8,  -0.08002
523.9,  -0.07933
524.0,  -0.07864
524.1,  -0.07796
524.2,  -0.07727
524.3,  -0.07660
524.4,  -0.07593
524.5,  -0.07526
524.6,  -0.07459
524.7,  -0.07393
524.8,  -0.07327
524.9,  -0.07262
525.0,  -0.07197
525.1,  -0.07132
525.2,  -0.07067
525.3,  -0.07003
525.4,  -0.06939
525.5,  -0.06875
525.6,  -0.06811
525.7,  -0.06748
525.8,  -0.06686
525.9,  -0.06623
526.0,  -0.06561
526.1,  -0.06499
526.2,  -0.06438
526.3,  -0.06376
526.4,  -0.06316
526.5,  -0.06255
526.6,  -0.06195
526.7,  -0.06135
526.8,  -0.06076
526.9,  -0.06017
527.0,  -0.05958
527.1,  -0.05900
527.2,  -0.05842
527.3,  -0.05784
527.4,  -0.05727
527.5,  -0.05670
527.6,  -0.05613
527.7,  -0.05557
527.8,  -0.05502
527.9,  -0.05446
528.0,  -0.05391
528.1,  -0.05337
528.2,  -0.05283
528.3,  -0.05229
528.4,  -0.05176
528.5,  -0.05123
528.6,  -0.05070
528.7,  -0.05018
528.8,  -0.04967
528.9,  -0.04915
529.0,  -0.04865
529.1,  -0.04814
529.2,  -0.04764
529.3,  -0.04715
529.4,  -0.04666
529.5,  -0.04617
529.6,  -0.04569
529.7,  -0.04522
529.8,  -0.04474
529.9,  -0.04428
530.0,  -0.04381
530.1,  -0.04336
530.2,  -0.04290
530.3,  -0.04245
530.4,  -0.04201
530.5,  -0.04157
530.6,  -0.04113
530.7,  -0.04070
530.8,  -0.04027
530.9,  -0.03985
531.0,  -0.03943
531.1,  -0.03901
531.2,  -0.03860
531.3,  -0.03819
531.4,  -0.03778
531.5,  -0.03738
531.6,  -0.03698
531.7,  -0.03658
531.8,  -0.03619
531.9,  -0.03579
532.0,  -0.03540
532.1,  -0.03502
532.2,  -0.03463
532.3,  -0.03425
532.4,  -0.03387
532.5,  -0.03349
532.6,  -0.03311
532.7,  -0.03274
532.8,  -0.03236
532.9,  -0.03199
533.0,  -0.03162
533.1,  -0.03125
533.2,  -0.03088
533.3,  -0.03052
533.4,  -0.03015
533.5,  -0.02978
533.6,  -0.02942
533.7,  -0.02906
533.8,  -0.02869
533.9,  -0.02833
534.0,  -0.02796
534.1,  -0.02760
534.2,  -0.02724
534.3,  -0.02688
534.4,  -0.02651
534.5,  -0.02615
534.6,  -0.02578
534.7,  -0.02542
534.8,  -0.02505
534.9,  -0.02469
535.0,  -0.02432
535.1,  -0.02395
535.2,  -0.02358
535.3,  -0.02321
535.4,  -0.02284
535.5,  -0.02247
535.6,  -0.02210
535.7,  -0.02173
535.8,  -0.02136
535.9,  -0.02098
536.0,  -0.02061
536.1,  -0.02024
536.2,  -0.01987
536.3,  -0.01950
536.4,  -0.01913
536.5,  -0.01876
536.6,  -0.01839
536.7,  -0.01802
536.8,  -0.01765
536.9,  -0.01728
537.0,  -0.01692
537.1,  -0.01656
537.2,  -0.01619
537.3,  -0.01583
537.4,  -0.01548
537.5,  -0.01512
537.6,  -0.01476
537.7,  -0.01441
537.8,  -0.01406
537.9,  -0.01371
538.0,  -0.01337
538.1,  -0.01303
538.2,  -0.01269
538.3,  -0.01235
538.4,  -0.01202
538.5,  -0.01169
538.6,  -0.01136
538.7,  -0.01103
538.8,  -0.01071
538.9,  -0.01040
539.0,  -0.01008
539.1,  -0.00977
539.2,  -0.00947
539.3,  -0.00917
539.4,  -0.00887
539.5,  -0.00858
539.6,  -0.00829
539.7,  -0.00800
539.8,  -0.00772
539.9,  -0.00745
540.0,  -0.00718
540.1,  -0.00692
540.2,  -0.00666
540.3,  -0.00640
540.4,  -0.00615
540.5,  -0.00591
540.6,  -0.00567
540.7,  -0.00544
540.8,  -0.00521
540.9,  -0.00499
541.0,  -0.00477
541.1,  -0.00455
541.2,  -0.00434
541.3,  -0.00414
541.4,  -0.00394
541.5,  -0.00375
541.6,  -0.00356
541.7,  -0.00338
541.8,  -0.00320
541.9,  -0.00302
542.0,  -0.00285
542.1,  -0.00269
542.2,  -0.00253
542.3,  -0.00238
542.4,  -0.00223
542.5,  -0.00208
542.6,  -0.00194
542.7,  -0.00181
542.8,  -0.00168
542.9,  -0.00155
543.0,  -0.00143
543.1,  -0.00132
543.2,  -0.00121
543.3,  -0.00110
543.4,  -0.00100
543.5,  -0.00091
543.6,  -0.00082
543.7,  -0.00073
543.8,  -0.00065
543.9,  -0.00057
544.0,  -0.00050
544.1,  -0.00044
544.2,  -0.00037
544.3,  -0.00032
544.4,  -0.00027
544.5,  -0.00022
544.6,  -0.00018
544.7,  -0.00014
544.8,  -0.00010
544.9,  -0.00008
545.0,  -0.00005
545.1,  -0.00003
545.2,  -0.00002
545.3,  -0.00001
545.4,   0.00000
545.5,   0.00000
545.6,   0.00000
545.7,  -0.00001
545.8,  -0.00002
545.9,  -0.00003
546.0,  -0.00005
546.1,  -0.00007
546.2,  -0.00009
546.3,  -0.00012
546.4,  -0.00014
546.5,  -0.00017
546.6,  -0.00021
546.7,  -0.00024
546.8,  -0.00028
546.9,  -0.00032
547.0,  -0.00036
547.1,  -0.00040
547.2,  -0.00045
547.3,  -0.00050
547.4,  -0.00054
547.5,  -0.00059
547.6,  -0.00064
547.7,  -0.00069
547.8,  -0.00074
547.9,  -0.00079
548.0,  -0.00084
548.1,  -0.00089
548.2,  -0.00094
548.3,  -0.00099
548.4,  -0.00104
548.5,  -0.00109
548.6,  -0.00114
548.7,  -0.00119
548.8,  -0.00124
548.9,  -0.00128
549.0,  -0.00133
549.1,  -0.00137
549.2,  -0.00141
549.3,  -0.00145
549.4,  -0.00149
549.5,  -0.00153
549.6,  -0.00156
549.7,  -0.00159
549.8,  -0.00162
549.9,  -0.00165
550.0,  -0.00167
550.1,  -0.00169
550.2,  -0.00171
550.3,  -0.00173
550.4,  -0.00174
550.5,  -0.00175
550.6,  -0.00176
550.7,  -0.00176
550.8,  -0.00177
550.9,  -0.00177
551.0,  -0.00177
551.1,  -0.00177
551.2,  -0.00177
551.3,  -0.00176
551.4,  -0.00176
551.5,  -0.00175
551.6,  -0.00175
551.7,  -0.00174
551.8,  -0.00173
551.9,  -0.00173
552.0,  -0.00172
552.1,  -0.00171
552.2,  -0.00170
552.3,  -0.00170
552.4,  -0.00169
552.5,  -0.00168
552.6,  -0.00168
552.7,  -0.00167
552.8,  -0.00167
552.9,  -0.00167
553.0,  -0.00167
553.1,  -0.00167
553.2,  -0.00167
553.3,  -0.00167
553.4,  -0.00168
553.5,  -0.00169
553.6,  -0.00170
553.7,  -0.00171
553.8,  -0.00173
553.9,  -0.00174
554.0,  -0.00177
554.1,  -0.00179
554.2,  -0.00182
554.3,  -0.00185
554.4,  -0.00188
554.5,  -0.00192
554.6,  -0.00196
554.7,  -0.00200
554.8,  -0.00205
554.9,  -0.00211
555.0,  -0.00216
555.1,  -0.00222
555.2,  -0.00229
555.3,  -0.00236
555.4,  -0.00244
555.5,  -0.00251
555.6,  -0.00260
555.7,  -0.00268
555.8,  -0.00277
555.9,  -0.00287
556.0,  -0.00296
556.1,  -0.00306
556.2,  -0.00317
556.3,  -0.00328
556.4,  -0.00339
556.5,  -0.00350
556.6,  -0.00362
556.7,  -0.00373
556.8,  -0.00386
556.9,  -0.00398
557.0,  -0.00411
557.1,  -0.00424
557.2,  -0.00437
557.3,  -0.00450
557.4,  -0.00464
557.5,  -0.00477
557.6,  -0.00491
557.7,  -0.00505
557.8,  -0.00520
557.9,  -0.00534
558.0,  -0.00549
558.1,  -0.00563
558.2,  -0.00578
558.3,  -0.00593
558.4,  -0.00608
558.5,  -0.00623
558.6,  -0.00639
558.7,  -0.00654
558.8,  -0.00669
558.9,  -0.00685
559.0,  -0.00700
559.1,  -0.00716
559.2,  -0.00731
559.3,  -0.00747
559.4,  -0.00762
559.5,  -0.00778
559.6,  -0.00793
559.7,  -0.00809
559.8,  -0.00824
559.9,  -0.00839
560.0,  -0.00855
560.1,  -0.00870
560.2,  -0.00885
560.3,  -0.00900
560.4,  -0.00915
560.5,  -0.00930
560.6,  -0.00945
560.7,  -0.00960
560.8,  -0.00975
560.9,  -0.00990
561.0,  -0.01004
561.1,  -0.01019
561.2,  -0.01034
561.3,  -0.01049
561.4,  -0.01064
561.5,  -0.01079
561.6,  -0.01094
561.7,  -0.01109
561.8,  -0.01124
561.9,  -0.01139
562.0,  -0.01154
562.1,  -0.01169
562.2,  -0.01184
562.3,  -0.01200
562.4,  -0.01215
562.5,  -0.01231
562.6,  -0.01246
562.7,  -0.01262
562.8,  -0.01278
562.9,  -0.01294
563.0,  -0.01310
563.1,  -0.01326
563.2,  -0.01342
563.3,  -0.01359
563.4,  -0.01375
563.5,  -0.01392
563.6,  -0.01409
563.7,  -0.01426
563.8,  -0.01443
563.9,  -0.01461
564.0,  -0.01479
564.1,  -0.01496
564.2,  -0.01514
564.3,  -0.01533
564.4,  -0.01551
564.5,  -0.01570
564.6,  -0.01589
564.7,  -0.01608
564.8,  -0.01627
564.9,  -0.01647
565.0,  -0.01667
565.1,  -0.01687
565.2,  -0.01708
565.3,  -0.01728
565.4,  -0.01749
565.5,  -0.01771
565.6,  -0.01792
565.7,  -0.01814
565.8,  -0.01836
565.9,  -0.01858
566.0,  -0.01880
566.1,  -0.01903
566.2,  -0.01926
566.3,  -0.01949
566.4,  -0.01973
566.5,  -0.01997
566.6,  -0.02021
566.7,  -0.02045
566.8,  -0.02069
566.9,  -0.02094
567.0,  -0.02119
567.1,  -0.02144
567.2,  -0.02169
567.3,  -0.02195
567.4,  -0.02221
567.5,  -0.02247
567.6,  -0.02273
567.7,  -0.02300
567.8,  -0.02326
567.9,  -0.02353
568.0,  -0.02380
568.1,  -0.02408
568.2,  -0.02436
568.3,  -0.02463
568.4,  -0.02491
568.5,  -0.02520
568.6,  -0.02548
568.7,  -0.02577
568.8,  -0.02606
568.9,  -0.02635
569.0,  -0.02664
569.1,  -0.02694
569.2,  -0.02724
569.3,  -0.02754
569.4,  -0.02784
569.5,  -0.02814
569.6,  -0.02845
569.7,  -0.02876
569.8,  -0.02907
569.9,  -0.02938
570.0,  -0.02969
570.1,  -0.03001
570.2,  -0.03032
570.3,  -0.03064
570.4,  -0.03097
570.5,  -0.03129
570.6,  -0.03162
570.7,  -0.03195
570.8,  -0.03228
570.9,  -0.03261
571.0,  -0.03295
571.1,  -0.03329
571.2,  -0.03363
571.3,  -0.03397
571.4,  -0.03432
571.5,  -0.03467
571.6,  -0.03503
571.7,  -0.03538
571.8,  -0.03574
571.9,  -0.03611
572.0,  -0.03647
572.1,  -0.03684
572.2,  -0.03721
572.3,  -0.03759
572.4,  -0.03797
572.5,  -0.03835
572.6,  -0.03874
572.7,  -0.03913
572.8,  -0.03952
572.9,  -0.03992
573.0,  -0.04033
573.1,  -0.04073
573.2,  -0.04114
573.3,  -0.04156
573.4,  -0.04198
573.5,  -0.04240
573.6,  -0.04283
573.7,  -0.04326
573.8,  -0.04369
573.9,  -0.04413
574.0,  -0.04458
574.1,  -0.04503
574.2,  -0.04548
574.3,  -0.04594
574.4,  -0.04641
574.5,  -0.04688
574.6,  -0.04735
574.7,  -0.04783
574.8,  -0.04831
574.9,  -0.04880
575.0,  -0.04930
575.1,  -0.04980
575.2,  -0.05030
575.3,  -0.05081
575.4,  -0.05133
575.5,  -0.05185
575.6,  -0.05237
575.7,  -0.05290
575.8,  -0.05343
575.9,  -0.05397
576.0,  -0.05451
576.1,  -0.05505
576.2,  -0.05560
576.3,  -0.05614
576.4,  -0.05670
576.5,  -0.05725
576.6,  -0.05781
576.7,  -0.05837
576.8,  -0.05893
576.9,  -0.05949
577.0,  -0.06006
577.1,  -0.06063
577.2,  -0.06120
577.3,  -0.06177
577.4,  -0.06234
577.5,  -0.06291
577.6,  -0.06348
577.7,  -0.06405
577.8,  -0.06463
577.9,  -0.06520
578.0,  -0.06577
578.1,  -0.06634
578.2,  -0.06692
578.3,  -0.06749
578.4,  -0.06806
578.5,  -0.06863
578.6,  -0.06920
578.7,  -0.06976
578.8,  -0.07033
578.9,  -0.07089
579.0,  -0.07146
579.1,  -0.07201
579.2,  -0.07257
579.3,  -0.07313
579.4,  -0.07368
579.5,  -0.07423
579.6,  -0.07477
579.7,  -0.07532
579.8,  -0.07586
579.9,  -0.07639
580.0,  -0.07692
580.1,  -0.07745
580.2,  -0.07797
580.3,  -0.07849
580.4,  -0.07901
580.5,  -0.07952
580.6,  -0.08003
580.7,  -0.08054
580.8,  -0.08104
580.9,  -0.08154
581.0,  -0.08204
581.1,  -0.08254
581.2,  -0.08303
581.3,  -0.08352
581.4,  -0.08401
581.5,  -0.08450
581.6,  -0.08498
581.7,  -0.08547
581.8,  -0.08595
581.9,  -0.08643
582.0,  -0.08691
582.1,  -0.08739
582.2,  -0.08787
582.3,  -0.08835
582.4,  -0.08882
582.5,  -0.08930
582.6,  -0.08978
582.7,  -0.09026
582.8,  -0.09073
582.9,  -0.09121
583.0,  -0.09169
583.1,  -0.09216
583.2,  -0.09264
583.3,  -0.09312
583.4,  -0.09360
583.5,  -0.09409
583.6,  -0.09457
583.7,  -0.09506
583.8,  -0.09554
583.9,  -0.09603
584.0,  -0.09652
584.1,  -0.09701
584.2,  -0.09751
584.3,  -0.09801
584.4,  -0.09851
584.5,  -0.09901
584.6,  -0.09952
584.7,  -0.10003
584.8,  -0.10054
584.9,  -0.10106
585.0,  -0.10158
585.1,  -0.10210
585.2,  -0.10263
585.3,  -0.10316
585.4,  -0.10369
585.5,  -0.10423
585.6,  -0.10477
585.7,  -0.10532
585.8,  -0.10587
585.9,  -0.10642
586.0,  -0.10698
586.1,  -0.10754
586.2,  -0.10810
586.3,  -0.10867
586.4,  -0.10924
586.5,  -0.10982
586.6,  -0.11040
586.7,  -0.11098
586.8,  -0.11156
586.9,  -0.11215
587.0,  -0.11275
587.1,  -0.11334
587.2,  -0.11394
587.3,  -0.11454
587.4,  -0.11515
587.5,  -0.11576
587.6,  -0.11637
587.7,  -0.11699
587.8,  -0.11761
587.9,  -0.11823
588.0,  -0.11885
588.1,  -0.11948
588.2,  -0.12011
588.3,  -0.12075
588.4,  -0.12139
588.5,  -0.12203
588.6,  -0.12267
588.7,  -0.12332
588.8,  -0.12397
588.9,  -0.12463
589.0,  -0.12528
589.1,  -0.12594
589.2,  -0.12661
589.3,  -0.12727
589.4,  -0.12794
589.5,  -0.12861
589.6,  -0.12929
589.7,  -0.12996
589.8,  -0.13065
589.9,  -0.13133
590.0,  -0.13201
590.1,  -0.13270
590.2,  -0.13339
590.3,  -0.13409
590.4,  -0.13478
590.5,  -0.13548
590.6,  -0.13619
590.7,  -0.13689
590.8,  -0.13760
590.9,  -0.13831
591.0,  -0.13902
591.1,  -0.13974
591.2,  -0.14046
591.3,  -0.14118
591.4,  -0.14190
591.5,  -0.14263
591.6,  -0.14336
591.7,  -0.14409
591.8,  -0.14482
591.9,  -0.14556
592.0,  -0.14630
592.1,  -0.14704
592.2,  -0.14779
592.3,  -0.14853
592.4,  -0.14928
592.5,  -0.15004
592.6,  -0.15079
592.7,  -0.15155
592.8,  -0.15231
592.9,  -0.15307
593.0,  -0.15384
593.1,  -0.15461
593.2,  -0.15538
593.3,  -0.15615
593.4,  -0.15693
593.5,  -0.15770
593.6,  -0.15849
593.7,  -0.15927
593.8,  -0.16005
593.9,  -0.16084
594.0,  -0.16163
594.1,  -0.16243
594.2,  -0.16322
594.3,  -0.16402
594.4,  -0.16482
594.5,  -0.16563
594.6,  -0.16643
594.7,  -0.16724
594.8,  -0.16805
594.9,  -0.16886
595.0,  -0.16968
595.1,  -0.17050
595.2,  -0.17132
595.3,  -0.17214
595.4,  -0.17297
595.5,  -0.17380
595.6,  -0.17463
595.7,  -0.17546
595.8,  -0.17629
595.9,  -0.17713
596.0,  -0.17797
596.1,  -0.17881
596.2,  -0.17966
596.3,  -0.18050
596.4,  -0.18135
596.5,  -0.18221
596.6,  -0.18306
596.7,  -0.18391
596.8,  -0.18477
596.9,  -0.18563
597.0,  -0.18649
597.1,  -0.18736
597.2,  -0.18822
597.3,  -0.18909
597.4,  -0.18996
597.5,  -0.19084
597.6,  -0.19171
597.7,  -0.19259
597.8,  -0.19347
597.9,  -0.19435
598.0,  -0.19523
598.1,  -0.19611
598.2,  -0.19700
598.3,  -0.19789
598.4,  -0.19878
598.5,  -0.19967
598.6,  -0.20056
598.7,  -0.20146
598.8,  -0.20236
598.9,  -0.20326
599.0,  -0.20416
599.1,  -0.20506
599.2,  -0.20597
599.3,  -0.20687
599.4,  -0.20778
599.5,  -0.20869
599.6,  -0.20960
599.7,  -0.21052
599.8,  -0.21143
599.9,  -0.21235
600.0,  -0.21326
600.1,  -0.21418
600.2,  -0.21511
600.3,  -0.21603
600.4,  -0.21695
600.5,  -0.21788
600.6,  -0.21881
600.7,  -0.21974
600.8,  -0.22067
600.9,  -0.22160
601.0,  -0.22254
601.1,  -0.22347
601.2,  -0.22441
601.3,  -0.22535
601.4,  -0.22630
601.5,  -0.22724
601.6,  -0.22819
601.7,  -0.22914
601.8,  -0.23009
601.9,  -0.23104
602.0,  -0.23200
602.1,  -0.23296
602.2,  -0.23392
602.3,  -0.23488
602.4,  -0.23585
602.5,  -0.23681
602.6,  -0.23779
602.7,  -0.23876
602.8,  -0.23973
602.9,  -0.24071
603.0,  -0.24169
603.1,  -0.24267
603.2,  -0.24366
603.3,  -0.24465
603.4,  -0.24564
603.5,  -0.24663
603.6,  -0.24763
603.7,  -0.24863
603.8,  -0.24963
603.9,  -0.25064
604.0,  -0.25165
604.1,  -0.25266
604.2,  -0.25368
604.3,  -0.25470
604.4,  -0.25572
604.5,  -0.25674
604.6,  -0.25777
604.7,  -0.25880
604.8,  -0.25984
604.9,  -0.26087
605.0,  -0.26191
605.1,  -0.26296
605.2,  -0.26401
605.3,  -0.26506
605.4,  -0.26611
605.5,  -0.26717
605.6,  -0.26823
605.7,  -0.26930
605.8,  -0.27037
605.9,  -0.27144
606.0,  -0.27252
606.1,  -0.27359
606.2,  -0.27468
606.3,  -0.27576
606.4,  -0.27685
606.5,  -0.27794
606.6,  -0.27903
606.7,  -0.28013
606.8,  -0.28123
606.9,  -0.28233
607.0,  -0.28344
607.1,  -0.28455
607.2,  -0.28566
607.3,  -0.28678
607.4,  -0.28790
607.5,  -0.28902
607.6,  -0.29014
607.7,  -0.29127
607.8,  -0.29240
607.9,  -0.29353
608.0,  -0.29467
608.1,  -0.29580
608.2,  -0.29694
608.3,  -0.29809
608.4,  -0.29923
608.5,  -0.30038
608.6,  -0.30153
608.7,  -0.30269
608.8,  -0.30384
608.9,  -0.30500
609.0,  -0.30617
609.1,  -0.30733
609.2,  -0.30850
609.3,  -0.30967
609.4,  -0.31084
609.5,  -0.31201
609.6,  -0.31319
609.7,  -0.31437
609.8,  -0.31555
609.9,  -0.31673
610.0,  -0.31792
610.1,  -0.31910
610.2,  -0.32029
610.3,  -0.32149
610.4,  -0.32268
610.5,  -0.32388
610.6,  -0.32508
610.7,  -0.32628
610.8,  -0.32749
610.9,  -0.32869
611.0,  -0.32990
611.1,  -0.33111
611.2,  -0.33233
611.3,  -0.33354
611.4,  -0.33476
611.5,  -0.33598
611.6,  -0.33721
611.7,  -0.33843
611.8,  -0.33966
611.9,  -0.34089
612.0,  -0.34213
612.1,  -0.34336
612.2,  -0.34460
612.3,  -0.34584
612.4,  -0.34709
612.5,  -0.34833
612.6,  -0.34958
612.7,  -0.35084
612.8,  -0.35209
612.9,  -0.35335
613.0,  -0.35461
613.1,  -0.35587
613.2,  -0.35714
613.3,  -0.35840
613.4,  -0.35968
613.5,  -0.36095
613.6,  -0.36223
613.7,  -0.36351
613.8,  -0.36479
613.9,  -0.36607
614.0,  -0.36736
614.1,  -0.36865
614.2,  -0.36995
614.3,  -0.37124
614.4,  -0.37254
614.5,  -0.37384
614.6,  -0.37515
614.7,  -0.37646
614.8,  -0.37777
614.9,  -0.37908
615.0,  -0.38040
615.1,  -0.38172
615.2,  -0.38304
615.3,  -0.38437
615.4,  -0.38570
615.5,  -0.38703
615.6,  -0.38837
615.7,  -0.38970
615.8,  -0.39104
615.9,  -0.39239
616.0,  -0.39373
616.1,  -0.39508
616.2,  -0.39643
616.3,  -0.39778
616.4,  -0.39914
616.5,  -0.40049
616.6,  -0.40185
616.7,  -0.40322
616.8,  -0.40458
616.9,  -0.40595
617.0,  -0.40732
617.1,  -0.40869
617.2,  -0.41006
617.3,  -0.41143
617.4,  -0.41281
617.5,  -0.41419
617.6,  -0.41557
617.7,  -0.41695
617.8,  -0.41833
617.9,  -0.41972
618.0,  -0.42110
618.1,  -0.42249
618.2,  -0.42388
618.3,  -0.42527
618.4,  -0.42666
618.5,  -0.42806
618.6,  -0.42945
618.7,  -0.43085
618.8,  -0.43224
618.9,  -0.43364
619.0,  -0.43504
619.1,  -0.43644
619.2,  -0.43784
619.3,  -0.43925
619.4,  -0.44065
619.5,  -0.44205
619.6,  -0.44346
619.7,  -0.44487
619.8,  -0.44627
619.9,  -0.44768
620.0,  -0.44909
620.1,  -0.45049
620.2,  -0.45190
620.3,  -0.45331
620.4,  -0.45472
620.5,  -0.45613
620.6,  -0.45755
620.7,  -0.45896
620.8,  -0.46038
620.9,  -0.46179
621.0,  -0.46321
621.1,  -0.46463
621.2,  -0.46605
621.3,  -0.46748
621.4,  -0.46891
621.5,  -0.47033
621.6,  -0.47177
621.7,  -0.47320
621.8,  -0.47464
621.9,  -0.47608
622.0,  -0.47752
622.1,  -0.47897
622.2,  -0.48042
622.3,  -0.48187
622.4,  -0.48333
622.5,  -0.48479
622.6,  -0.48626
622.7,  -0.48773
622.8,  -0.48920
622.9,  -0.49068
623.0,  -0.49216
623.1,  -0.49365
623.2,  -0.49514
623.3,  -0.49663
623.4,  -0.49814
623.5,  -0.49964
623.6,  -0.50116
623.7,  -0.50267
623.8,  -0.50420
623.9,  -0.50573
624.0,  -0.50726
624.1,  -0.50880
624.2,  -0.51035
624.3,  -0.51190
624.4,  -0.51346
624.5,  -0.51503
624.6,  -0.51661
624.7,  -0.51819
624.8,  -0.51977
624.9,  -0.52137
625.0,  -0.52297
625.1,  -0.52458
625.2,  -0.52620
625.3,  -0.52782
625.4,  -0.52946
625.5,  -0.53110
625.6,  -0.53274
625.7,  -0.53439
625.8,  -0.53605
625.9,  -0.53772
626.0,  -0.53940
626.1,  -0.54108
626.2,  -0.54276
626.3,  -0.54445
626.4,  -0.54615
626.5,  -0.54786
626.6,  -0.54957
626.7,  -0.55129
626.8,  -0.55301
626.9,  -0.55474
627.0,  -0.55647
627.1,  -0.55821
627.2,  -0.55996
627.3,  -0.56171
627.4,  -0.56346
627.5,  -0.56523
627.6,  -0.56699
627.7,  -0.56876
627.8,  -0.57054
627.9,  -0.57232
628.0,  -0.57410
628.1,  -0.57589
628.2,  -0.57769
628.3,  -0.57949
628.4,  -0.58129
628.5,  -0.58309
628.6,  -0.58491
628.7,  -0.58672
628.8,  -0.58854
628.9,  -0.59036
629.0,  -0.59219
629.1,  -0.59402
629.2,  -0.59585
629.3,  -0.59768
629.4,  -0.59952
629.5,  -0.60136
629.6,  -0.60321
629.7,  -0.60506
629.8,  -0.60691
629.9,  -0.60876
630.0,  -0.61062
630.1,  -0.61247
630.2,  -0.61433
630.3,  -0.61620
630.4,  -0.61806
630.5,  -0.61993
630.6,  -0.62180
630.7,  -0.62367
630.8,  -0.62555
630.9,  -0.62742
631.0,  -0.62930
631.1,  -0.63118
631.2,  -0.63307
631.3,  -0.63495
631.4,  -0.63684
631.5,  -0.63873
631.6,  -0.64062
631.7,  -0.64251
631.8,  -0.64441
631.9,  -0.64631
632.0,  -0.64821
632.1,  -0.65011
632.2,  -0.65202
632.3,  -0.65392
632.4,  -0.65583
632.5,  -0.65774
632.6,  -0.65965
632.7,  -0.66157
632.8,  -0.66348
632.9,  -0.66540
633.0,  -0.66732
633.1,  -0.66924
633.2,  -0.67116
633.3,  -0.67309
633.4,  -0.67502
633.5,  -0.67695
633.6,  -0.67888
633.7,  -0.68081
633.8,  -0.68274
633.9,  -0.68468
634.0,  -0.68661
634.1,  -0.68855
634.2,  -0.69049
634.3,  -0.69243
634.4,  -0.69438
634.5,  -0.69632
634.6,  -0.69827
634.7,  -0.70022
634.8,  -0.70217
634.9,  -0.70412
635.0,  -0.70607
635.1,  -0.70802
635.2,  -0.70998
635.3,  -0.71194
635.4,  -0.71390
635.5,  -0.71585
635.6,  -0.71782
635.7,  -0.71978
635.8,  -0.72174
635.9,  -0.72371
636.0,  -0.72567
636.1,  -0.72764
636.2,  -0.72961
636.3,  -0.73158
636.4,  -0.73355
636.5,  -0.73552
636.6,  -0.73749
636.7,  -0.73947
636.8,  -0.74144
636.9,  -0.74342
637.0,  -0.74540
637.1,  -0.74738
637.2,  -0.74936
637.3,  -0.75134
637.4,  -0.75332
637.5,  -0.75530
637.6,  -0.75728
637.7,  -0.75927
637.8,  -0.76125
637.9,  -0.76324
638.0,  -0.76523
638.1,  -0.76721
638.2,  -0.76920
638.3,  -0.77119
638.4,  -0.77318
638.5,  -0.77517
638.6,  -0.77716
638.7,  -0.77916
638.8,  -0.78115
638.9,  -0.78314
639.0,  -0.78513
639.1,  -0.78713
639.2,  -0.78912
639.3,  -0.79112
639.4,  -0.79312
639.5,  -0.79511
639.6,  -0.79711
639.7,  -0.79911
639.8,  -0.80110
639.9,  -0.80310
640.0,  -0.80510
640.1,  -0.80710
640.2,  -0.80910
640.3,  -0.81110
640.4,  -0.81310
640.5,  -0.81510
640.6,  -0.81710
640.7,  -0.81911
640.8,  -0.82111
640.9,  -0.82312
641.0,  -0.82512
641.1,  -0.82713
641.2,  -0.82914
641.3,  -0.83116
641.4,  -0.83317
641.5,  -0.83519
641.6,  -0.83721
641.7,  -0.83923
641.8,  -0.84125
641.9,  -0.84328
642.0,  -0.84531
642.1,  -0.84734
642.2,  -0.84938
642.3,  -0.85142
642.4,  -0.85346
642.5,  -0.85551
642.6,  -0.85756
642.7,  -0.85961
642.8,  -0.86167
642.9,  -0.86373
643.0,  -0.86579
643.1,  -0.86786
643.2,  -0.86994
643.3,  -0.87201
643.4,  -0.87410
643.5,  -0.87619
643.6,  -0.87828
643.7,  -0.88038
643.8,  -0.88248
643.9,  -0.88459
644.0,  -0.88670
644.1,  -0.88882
644.2,  -0.89095
644.3,  -0.89308
644.4,  -0.89522
644.5,  -0.89737
644.6,  -0.89952
644.7,  -0.90167
644.8,  -0.90384
644.9,  -0.90601
645.0,  -0.90819
645.1,  -0.91037
645.2,  -0.91256
645.3,  -0.91476
645.4,  -0.91697
645.5,  -0.91918
645.6,  -0.92140
645.7,  -0.92363
645.8,  -0.92586
645.9,  -0.92810
646.0,  -0.93035
646.1,  -0.93260
646.2,  -0.93486
646.3,  -0.93713
646.4,  -0.93940
646.5,  -0.94168
646.6,  -0.94396
646.7,  -0.94625
646.8,  -0.94855
646.9,  -0.95085
647.0,  -0.95316
647.1,  -0.95548
647.2,  -0.95780
647.3,  -0.96012
647.4,  -0.96246
647.5,  -0.96479
647.6,  -0.96714
647.7,  -0.96949
647.8,  -0.97184
647.9,  -0.97420
648.0,  -0.97657
648.1,  -0.97894
648.2,  -0.98131
648.3,  -0.98370
648.4,  -0.98608
648.5,  -0.98847
648.6,  -0.99087
648.7,  -0.99327
648.8,  -0.99568
648.9,  -0.99809
649.0,  -1.00050
649.1,  -1.00292
649.2,  -1.00535
649.3,  -1.00778
649.4,  -1.01021
649.5,  -1.01265
649.6,  -1.01509
649.7,  -1.01754
649.8,  -1.01999
649.9,  -1.02244
650.0,  -1.02490
650.1,  -1.02737
650.2,  -1.02983
650.3,  -1.03230
650.4,  -1.03478
650.5,  -1.03726
650.6,  -1.03974
650.7,  -1.04223
650.8,  -1.04472
650.9,  -1.04721
651.0,  -1.04971
651.1,  -1.05221
651.2,  -1.05471
651.3,  -1.05722
651.4,  -1.05973
651.5,  -1.06224
651.6,  -1.06476
651.7,  -1.06728
651.8,  -1.06981
651.9,  -1.07234
652.0,  -1.07487
652.1,  -1.07740
652.2,  -1.07994
652.3,  -1.08248
652.4,  -1.08502
652.5,  -1.08757
652.6,  -1.09012
652.7,  -1.09267
652.8,  -1.09522
652.9,  -1.09778
653.0,  -1.10034
653.1,  -1.10290
653.2,  -1.10547
653.3,  -1.10804
653.4,  -1.11061
653.5,  -1.11318
653.6,  -1.11576
653.7,  -1.11833
653.8,  -1.12091
653.9,  -1.12350
654.0,  -1.12608
654.1,  -1.12867
654.2,  -1.13126
654.3,  -1.13385
654.4,  -1.13645
654.5,  -1.13904
654.6,  -1.14164
654.7,  -1.14424
654.8,  -1.14684
654.9,  -1.14945
655.0,  -1.15205
655.1,  -1.15466
655.2,  -1.15727
655.3,  -1.15988
655.4,  -1.16250
655.5,  -1.16511
655.6,  -1.16773
655.7,  -1.17035
655.8,  -1.17297
655.9,  -1.17559
656.0,  -1.17822
656.1,  -1.18085
656.2,  -1.18347
656.3,  -1.18610
656.4,  -1.18874
656.5,  -1.19137
656.6,  -1.19401
656.7,  -1.19665
656.8,  -1.19929
656.9,  -1.20193
657.0,  -1.20457
657.1,  -1.20722
657.2,  -1.20987
657.3,  -1.21252
657.4,  -1.21517
657.5,  -1.21782
657.6,  -1.22048
657.7,  -1.22313
657.8,  -1.22579
657.9,  -1.22845
658.0,  -1.23112
658.1,  -1.23378
658.2,  -1.23645
658.3,  -1.23912
658.4,  -1.24179
658.5,  -1.24446
658.6,  -1.24714
658.7,  -1.24982
658.8,  -1.25250
658.9,  -1.25518
659.0,  -1.25786
659.1,  -1.26054
659.2,  -1.26323
659.3,  -1.26592
659.4,  -1.26861
659.5,  -1.27131
659.6,  -1.27400
659.7,  -1.27670
659.8,  -1.27940
659.9,  -1.28210
660.0,  -1.28480
660.1,  -1.28751
660.2,  -1.29021
660.3,  -1.29292
660.4,  -1.29564
660.5,  -1.29835
660.6,  -1.30106
660.7,  -1.30378
660.8,  -1.30650
660.9,  -1.30922
661.0,  -1.31195
661.1,  -1.31467
661.2,  -1.31740
661.3,  -1.32013
661.4,  -1.32286
661.5,  -1.32559
661.6,  -1.32833
661.7,  -1.33107
661.8,  -1.33380
661.9,  -1.33655
662.0,  -1.33929
662.1,  -1.34203
662.2,  -1.34478
662.3,  -1.34753
662.4,  -1.35028
662.5,  -1.35303
662.6,  -1.35578
662.7,  -1.35854
662.8,  -1.36130
662.9,  -1.36406
663.0,  -1.36682
663.1,  -1.36958
663.2,  -1.37235
663.3,  -1.37511
663.4,  -1.37788
663.5,  -1.38065
663.6,  -1.38342
663.7,  -1.38620
663.8,  -1.38897
663.9,  -1.39175
664.0,  -1.39453
664.1,  -1.39731
664.2,  -1.40009
664.3,  -1.40288
664.4,  -1.40566
664.5,  -1.40845
664.6,  -1.41124
664.7,  -1.41403
664.8,  -1.41682
664.9,  -1.41962
665.0,  -1.42242
665.1,  -1.42521
665.2,  -1.42801
665.3,  -1.43081
665.4,  -1.43362
665.5,  -1.43642
665.6,  -1.43923
665.7,  -1.44204
665.8,  -1.44485
665.9,  -1.44766
666.0,  -1.45047
666.1,  -1.45329
666.2,  -1.45610
666.3,  -1.45892
666.4,  -1.46174
666.5,  -1.46457
666.6,  -1.46739
666.7,  -1.47022
666.8,  -1.47305
666.9,  -1.47588
667.0,  -1.47871
667.1,  -1.48154
667.2,  -1.48438
667.3,  -1.48721
667.4,  -1.49005
667.5,  -1.49289
667.6,  -1.49574
667.7,  -1.49858
667.8,  -1.50143
667.9,  -1.50428
668.0,  -1.50713
668.1,  -1.50998
668.2,  -1.51284
668.3,  -1.51570
668.4,  -1.51855
668.5,  -1.52142
668.6,  -1.52428
668.7,  -1.52714
668.8,  -1.53001
668.9,  -1.53288
669.0,  -1.53575
669.1,  -1.53863
669.2,  -1.54150
669.3,  -1.54438
669.4,  -1.54726
669.5,  -1.55014
669.6,  -1.55302
669.7,  -1.55591
669.8,  -1.55880
669.9,  -1.56169
670.0,  -1.56458
670.1,  -1.56748
670.2,  -1.57037
670.3,  -1.57327
670.4,  -1.57618
670.5,  -1.57908
670.6,  -1.58199
670.7,  -1.58489
670.8,  -1.58780
670.9,  -1.59072
671.0,  -1.59363
671.1,  -1.59655
671.2,  -1.59947
671.3,  -1.60239
671.4,  -1.60531
671.5,  -1.60824
671.6,  -1.61117
671.7,  -1.61410
671.8,  -1.61703
671.9,  -1.61997
672.0,  -1.62291
672.1,  -1.62585
672.2,  -1.62879
672.3,  -1.63173
672.4,  -1.63468
672.5,  -1.63763
672.6,  -1.64058
672.7,  -1.64353
672.8,  -1.64649
672.9,  -1.64945
673.0,  -1.65241
673.1,  -1.65537
673.2,  -1.65834
673.3,  -1.66131
673.4,  -1.66428
673.5,  -1.66725
673.6,  -1.67023
673.7,  -1.67320
673.8,  -1.67618
673.9,  -1.67917
674.0,  -1.68215
674.1,  -1.68514
674.2,  -1.68813
674.3,  -1.69112
674.4,  -1.69412
674.5,  -1.69711
674.6,  -1.70011
674.7,  -1.70312
674.8,  -1.70612
674.9,  -1.70913
675.0,  -1.71214
675.1,  -1.71515
675.2,  -1.71816
675.3,  -1.72118
675.4,  -1.72420
675.5,  -1.72722
675.6,  -1.73025
675.7,  -1.73327
675.8,  -1.73630
675.9,  -1.73934
676.0,  -1.74237
676.1,  -1.74541
676.2,  -1.74844
676.3,  -1.75149
676.4,  -1.75453
676.5,  -1.75757
676.6,  -1.76062
676.7,  -1.76367
676.8,  -1.76672
676.9,  -1.76978
677.0,  -1.77284
677.1,  -1.77590
677.2,  -1.77896
677.3,  -1.78202
677.4,  -1.78509
677.5,  -1.78815
677.6,  -1.79122
677.7,  -1.79430
677.8,  -1.79737
677.9,  -1.80045
678.0,  -1.80353
678.1,  -1.80661
678.2,  -1.80969
678.3,  -1.81277
678.4,  -1.81586
678.5,  -1.81895
678.6,  -1.82204
678.7,  -1.82513
678.8,  -1.82823
678.9,  -1.83132
679.0,  -1.83442
679.1,  -1.83752
679.2,  -1.84063
679.3,  -1.84373
679.4,  -1.84684
679.5,  -1.84994
679.6,  -1.85306
679.7,  -1.85617
679.8,  -1.85928
679.9,  -1.86240
680.0,  -1.86551
680.1,  -1.86863
680.2,  -1.87175
680.3,  -1.87488
680.4,  -1.87800
680.5,  -1.88113
680.6,  -1.88426
680.7,  -1.88739
680.8,  -1.89052
680.9,  -1.89366
681.0,  -1.89680
681.1,  -1.89994
681.2,  -1.90308
681.3,  -1.90623
681.4,  -1.90938
681.5,  -1.91253
681.6,  -1.91568
681.7,  -1.91884
681.8,  -1.92200
681.9,  -1.92516
682.0,  -1.92833
682.1,  -1.93150
682.2,  -1.93467
682.3,  -1.93784
682.4,  -1.94102
682.5,  -1.94420
682.6,  -1.94739
682.7,  -1.95058
682.8,  -1.95377
682.9,  -1.95697
683.0,  -1.96017
683.1,  -1.96337
683.2,  -1.96658
683.3,  -1.96979
683.4,  -1.97300
683.5,  -1.97622
683.6,  -1.97945
683.7,  -1.98267
683.8,  -1.98590
683.9,  -1.98914
684.0,  -1.99238
684.1,  -1.99562
684.2,  -1.99887
684.3,  -2.00213
684.4,  -2.00538
684.5,  -2.00865
684.6,  -2.01191
684.7,  -2.01519
684.8,  -2.01846
684.9,  -2.02175
685.0,  -2.02503
685.1,  -2.02832
685.2,  -2.03162
685.3,  -2.03492
685.4,  -2.03823
685.5,  -2.04154
685.6,  -2.04485
685.7,  -2.04817
685.8,  -2.05149
685.9,  -2.05482
686.0,  -2.05814
686.1,  -2.06148
686.2,  -2.06481
686.3,  -2.06815
686.4,  -2.07148
686.5,  -2.07483
686.6,  -2.07817
686.7,  -2.08151
686.8,  -2.08486
686.9,  -2.08821
687.0,  -2.09156
687.1,  -2.09491
687.2,  -2.09826
687.3,  -2.10161
687.4,  -2.10496
687.5,  -2.10831
687.6,  -2.11166
687.7,  -2.11501
687.8,  -2.11837
687.9,  -2.12172
688.0,  -2.12506
688.1,  -2.12841
688.2,  -2.13176
688.3,  -2.13511
688.4,  -2.13845
688.5,  -2.14179
688.6,  -2.14513
688.7,  -2.14847
688.8,  -2.15181
688.9,  -2.15514
689.0,  -2.15847
689.1,  -2.16179
689.2,  -2.16512
689.3,  -2.16844
689.4,  -2.17175
689.5,  -2.17507
689.6,  -2.17837
689.7,  -2.18168
689.8,  -2.18498
689.9,  -2.18827
690.0,  -2.19156
690.1,  -2.19485
690.2,  -2.19812
690.3,  -2.20140
690.4,  -2.20467
690.5,  -2.20793
690.6,  -2.21120
690.7,  -2.21445
690.8,  -2.21770
690.9,  -2.22095
691.0,  -2.22420
691.1,  -2.22744
691.2,  -2.23067
691.3,  -2.23391
691.4,  -2.23714
691.5,  -2.24036
691.6,  -2.24358
691.7,  -2.24680
691.8,  -2.25002
691.9,  -2.25323
692.0,  -2.25645
692.1,  -2.25965
692.2,  -2.26286
692.3,  -2.26606
692.4,  -2.26927
692.5,  -2.27247
692.6,  -2.27566
692.7,  -2.27886
692.8,  -2.28205
692.9,  -2.28525
693.0,  -2.28844
693.1,  -2.29163
693.2,  -2.29482
693.3,  -2.29800
693.4,  -2.30119
693.5,  -2.30438
693.6,  -2.30756
693.7,  -2.31075
693.8,  -2.31393
693.9,  -2.31711
694.0,  -2.32030
694.1,  -2.32348
694.2,  -2.32667
694.3,  -2.32985
694.4,  -2.33303
694.5,  -2.33622
694.6,  -2.33941
694.7,  -2.34259
694.8,  -2.34578
694.9,  -2.34897
695.0,  -2.35216
695.1,  -2.35535
695.2,  -2.35854
695.3,  -2.36173
695.4,  -2.36492
695.5,  -2.36812
695.6,  -2.37132
695.7,  -2.37451
695.8,  -2.37771
695.9,  -2.38091
696.0,  -2.38411
696.1,  -2.38731
696.2,  -2.39052
696.3,  -2.39372
696.4,  -2.39692
696.5,  -2.40013
696.6,  -2.40333
696.7,  -2.40654
696.8,  -2.40975
696.9,  -2.41295
697.0,  -2.41616
697.1,  -2.41937
697.2,  -2.42258
697.3,  -2.42579
697.4,  -2.42900
697.5,  -2.43221
697.6,  -2.43543
697.7,  -2.43864
697.8,  -2.44185
697.9,  -2.44507
698.0,  -2.44828
698.1,  -2.45149
698.2,  -2.45471
698.3,  -2.45792
698.4,  -2.46114
698.5,  -2.46435
698.6,  -2.46757
698.7,  -2.47078
698.8,  -2.47400
698.9,  -2.47722
699.0,  -2.48043
699.1,  -2.48365
699.2,  -2.48687
699.3,  -2.49008
699.4,  -2.49330
699.5,  -2.49651
699.6,  -2.49973
699.7,  -2.50295
699.8,  -2.50616
699.9,  -2.50938
700.0,  -2.51259
700.1,  -2.51581
700.2,  -2.51902
700.3,  -2.52224
700.4,  -2.52546
700.5,  -2.52867
700.6,  -2.53189
700.7,  -2.53510
700.8,  -2.53832
700.9,  -2.54153
701.0,  -2.54475
701.1,  -2.54797
701.2,  -2.55118
701.3,  -2.55440
701.4,  -2.55762
701.5,  -2.56084
701.6,  -2.56406
701.7,  -2.56728
701.8,  -2.57050
701.9,  -2.57373
702.0,  -2.57695
702.1,  -2.58018
702.2,  -2.58340
702.3,  -2.58663
702.4,  -2.58986
702.5,  -2.59309
702.6,  -2.59632
702.7,  -2.59955
702.8,  -2.60279
702.9,  -2.60603
703.0,  -2.60926
703.1,  -2.61250
703.2,  -2.61575
703.3,  -2.61899
703.4,  -2.62224
703.5,  -2.62548
703.6,  -2.62873
703.7,  -2.63199
703.8,  -2.63524
703.9,  -2.63850
704.0,  -2.64176
704.1,  -2.64502
704.2,  -2.64828
704.3,  -2.65155
704.4,  -2.65482
704.5,  -2.65809
704.6,  -2.66136
704.7,  -2.66464
704.8,  -2.66792
704.9,  -2.67121
705.0,  -2.67449
705.1,  -2.67778
705.2,  -2.68108
705.3,  -2.68437
705.4,  -2.68767
705.5,  -2.69097
705.6,  -2.69428
705.7,  -2.69758
705.8,  -2.70089
705.9,  -2.70420
706.0,  -2.70752
706.1,  -2.71084
706.2,  -2.71416
706.3,  -2.71748
706.4,  -2.72080
706.5,  -2.72413
706.6,  -2.72746
706.7,  -2.73079
706.8,  -2.73412
706.9,  -2.73746
707.0,  -2.74080
707.1,  -2.74414
707.2,  -2.74748
707.3,  -2.75082
707.4,  -2.75416
707.5,  -2.75751
707.6,  -2.76086
707.7,  -2.76421
707.8,  -2.76756
707.9,  -2.77091
708.0,  -2.77426
708.1,  -2.77762
708.2,  -2.78097
708.3,  -2.78433
708.4,  -2.78769
708.5,  -2.79104
708.6,  -2.79440
708.7,  -2.79777
708.8,  -2.80113
708.9,  -2.80449
709.0,  -2.80785
709.1,  -2.81122
709.2,  -2.81458
709.3,  -2.81794
709.4,  -2.82131
709.5,  -2.82468
709.6,  -2.82804
709.7,  -2.83141
709.8,  -2.83477
709.9,  -2.83814
710.0,  -2.84151
710.1,  -2.84487
710.2,  -2.84824
710.3,  -2.85161
710.4,  -2.85497
710.5,  -2.85834
710.6,  -2.86170
710.7,  -2.86507
710.8,  -2.86844
710.9,  -2.87180
711.0,  -2.87517
711.1,  -2.87853
711.2,  -2.88189
711.3,  -2.88526
711.4,  -2.88862
711.5,  -2.89198
711.6,  -2.89534
711.7,  -2.89870
711.8,  -2.90206
711.9,  -2.90542
712.0,  -2.90878
712.1,  -2.91213
712.2,  -2.91549
712.3,  -2.91884
712.4,  -2.92220
712.5,  -2.92555
712.6,  -2.92890
712.7,  -2.93225
712.8,  -2.93560
712.9,  -2.93894
713.0,  -2.94229
713.1,  -2.94563
713.2,  -2.94897
713.3,  -2.95231
713.4,  -2.95565
713.5,  -2.95899
713.6,  -2.96233
713.7,  -2.96566
713.8,  -2.96899
713.9,  -2.97232
714.0,  -2.97565
714.1,  -2.97898
714.2,  -2.98230
714.3,  -2.98562
714.4,  -2.98894
714.5,  -2.99226
714.6,  -2.99557
714.7,  -2.99889
714.8,  -3.00220
714.9,  -3.00550
715.0,  -3.00881
715.1,  -3.01211
715.2,  -3.01541
715.3,  -3.01871
715.4,  -3.02201
715.5,  -3.02530
715.6,  -3.02859
715.7,  -3.03188
715.8,  -3.03517
715.9,  -3.03846
716.0,  -3.04174
716.1,  -3.04502
716.2,  -3.04830
716.3,  -3.05158
716.4,  -3.05486
716.5,  -3.05813
716.6,  -3.06141
716.7,  -3.06468
716.8,  -3.06795
716.9,  -3.07122
717.0,  -3.07449
717.1,  -3.07775
717.2,  -3.08102
717.3,  -3.08428
717.4,  -3.08755
717.5,  -3.09081
717.6,  -3.09407
717.7,  -3.09733
717.8,  -3.10059
717.9,  -3.10385
718.0,  -3.10711
718.1,  -3.11037
718.2,  -3.11363
718.3,  -3.11689
718.4,  -3.12014
718.5,  -3.12340
718.6,  -3.12666
718.7,  -3.12991
718.8,  -3.13317
718.9,  -3.13643
719.0,  -3.13969
719.1,  -3.14294
719.2,  -3.14620
719.3,  -3.14946
719.4,  -3.15271
719.5,  -3.15597
719.6,  -3.15923
719.7,  -3.16249
719.8,  -3.16575
719.9,  -3.16901
720.0,  -3.17227
720.1,  -3.17553
720.2,  -3.17880
720.3,  -3.18206
720.4,  -3.18532
720.5,  -3.18859
720.6,  -3.19185
720.7,  -3.19512
720.8,  -3.19839
720.9,  -3.20165
721.0,  -3.20492
721.1,  -3.20818
721.2,  -3.21145
721.3,  -3.21472
721.4,  -3.21799
721.5,  -3.22125
721.6,  -3.22452
721.7,  -3.22779
721.8,  -3.23105
721.9,  -3.23432
722.0,  -3.23759
722.1,  -3.24085
722.2,  -3.24412
722.3,  -3.24738
722.4,  -3.25065
722.5,  -3.25391
722.6,  -3.25718
722.7,  -3.26044
722.8,  -3.26370
722.9,  -3.26696
723.0,  -3.27022
723.1,  -3.27348
723.2,  -3.27674
723.3,  -3.28000
723.4,  -3.28325
723.5,  -3.28651
723.6,  -3.28976
723.7,  -3.29301
723.8,  -3.29627
723.9,  -3.29952
724.0,  -3.30276
724.1,  -3.30601
724.2,  -3.30926
724.3,  -3.31250
724.4,  -3.31574
724.5,  -3.31898
724.6,  -3.32222
724.7,  -3.32546
724.8,  -3.32870
724.9,  -3.33193
725.0,  -3.33516
725.1,  -3.33839
725.2,  -3.34162
725.3,  -3.34484
725.4,  -3.34807
725.5,  -3.35129
725.6,  -3.35451
725.7,  -3.35773
725.8,  -3.36094
725.9,  -3.36416
726.0,  -3.36737
726.1,  -3.37058
726.2,  -3.37379
726.3,  -3.37700
726.4,  -3.38020
726.5,  -3.38341
726.6,  -3.38661
726.7,  -3.38981
726.8,  -3.39301
726.9,  -3.39621
727.0,  -3.39941
727.1,  -3.40261
727.2,  -3.40580
727.3,  -3.40899
727.4,  -3.41219
727.5,  -3.41538
727.6,  -3.41857
727.7,  -3.42176
727.8,  -3.42495
727.9,  -3.42813
728.0,  -3.43132
728.1,  -3.43450
728.2,  -3.43769
728.3,  -3.44087
728.4,  -3.44406
728.5,  -3.44724
728.6,  -3.45042
728.7,  -3.45360
728.8,  -3.45678
728.9,  -3.45996
729.0,  -3.46314
729.1,  -3.46632
729.2,  -3.46949
729.3,  -3.47267
729.4,  -3.47585
729.5,  -3.47902
729.6,  -3.48220
729.7,  -3.48538
729.8,  -3.48855
729.9,  -3.49173
730.0,  -3.49490
730.1,  -3.49808
730.2,  -3.50125
730.3,  -3.50443
730.4,  -3.50760
730.5,  -3.51077
730.6,  -3.51395
730.7,  -3.51712
730.8,  -3.52030
730.9,  -3.52347
731.0,  -3.52665
731.1,  -3.52982
731.2,  -3.53299
731.3,  -3.53617
731.4,  -3.53934
731.5,  -3.54252
731.6,  -3.54570
731.7,  -3.54887
731.8,  -3.55205
731.9,  -3.55522
732.0,  -3.55840
732.1,  -3.56158
732.2,  -3.56475
732.3,  -3.56793
732.4,  -3.57111
732.5,  -3.57429
732.6,  -3.57747
732.7,  -3.58065
732.8,  -3.58383
732.9,  -3.58701
733.0,  -3.59019
733.1,  -3.59338
733.2,  -3.59656
733.3,  -3.59974
733.4,  -3.60293
733.5,  -3.60611
733.6,  -3.60930
733.7,  -3.61249
733.8,  -3.61567
733.9,  -3.61886
734.0,  -3.62205
734.1,  -3.62524
734.2,  -3.62843
734.3,  -3.63163
734.4,  -3.63482
734.5,  -3.63802
734.6,  -3.64121
734.7,  -3.64441
734.8,  -3.64761
734.9,  -3.65081
735.0,  -3.65401
735.1,  -3.65721
735.2,  -3.66041
735.3,  -3.66361
735.4,  -3.66682
735.5,  -3.67002
735.6,  -3.67323
735.7,  -3.67644
735.8,  -3.67965
735.9,  -3.68285
736.0,  -3.68606
736.1,  -3.68927
736.2,  -3.69248
736.3,  -3.69569
736.4,  -3.69889
736.5,  -3.70210
736.6,  -3.70531
736.7,  -3.70852
736.8,  -3.71172
736.9,  -3.71493
737.0,  -3.71813
737.1,  -3.72134
737.2,  -3.72454
737.3,  -3.72774
737.4,  -3.73095
737.5,  -3.73414
737.6,  -3.73734
737.7,  -3.74054
737.8,  -3.74374
737.9,  -3.74693
738.0,  -3.75012
738.1,  -3.75331
738.2,  -3.75650
738.3,  -3.75969
738.4,  -3.76287
738.5,  -3.76605
738.6,  -3.76923
738.7,  -3.77241
738.8,  -3.77558
738.9,  -3.77875
739.0,  -3.78192
739.1,  -3.78509
739.2,  -3.78825
739.3,  -3.79141
739.4,  -3.79456
739.5,  -3.79772
739.6,  -3.80087
739.7,  -3.80401
739.8,  -3.80715
739.9,  -3.81029
740.0,  -3.81343
740.1,  -3.81656
740.2,  -3.81968
740.3,  -3.82281
740.4,  -3.82593
740.5,  -3.82904
740.6,  -3.83215
740.7,  -3.83526
740.8,  -3.83837
740.9,  -3.84147
741.0,  -3.84457
741.1,  -3.84767
741.2,  -3.85076
741.3,  -3.85385
741.4,  -3.85694
741.5,  -3.86003
741.6,  -3.86312
741.7,  -3.86620
741.8,  -3.86928
741.9,  -3.87236
742.0,  -3.87543
742.1,  -3.87851
742.2,  -3.88158
742.3,  -3.88465
742.4,  -3.88772
742.5,  -3.89079
742.6,  -3.89386
742.7,  -3.89693
742.8,  -3.90000
742.9,  -3.90306
743.0,  -3.90613
743.1,  -3.90919
743.2,  -3.91225
743.3,  -3.91532
743.4,  -3.91838
743.5,  -3.92144
743.6,  -3.92451
743.7,  -3.92757
743.8,  -3.93063
743.9,  -3.93370
744.0,  -3.93676
744.1,  -3.93983
744.2,  -3.94289
744.3,  -3.94596
744.4,  -3.94903
744.5,  -3.95210
744.6,  -3.95517
744.7,  -3.95824
744.8,  -3.96131
744.9,  -3.96438
745.0,  -3.96746
745.1,  -3.97053
745.2,  -3.97361
745.3,  -3.97669
745.4,  -3.97978
745.5,  -3.98286
745.6,  -3.98594
745.7,  -3.98903
745.8,  -3.99212
745.9,  -3.99520
746.0,  -3.99829
746.1,  -4.00138
746.2,  -4.00448
746.3,  -4.00757
746.4,  -4.01066
746.5,  -4.01376
746.6,  -4.01685
746.7,  -4.01995
746.8,  -4.02304
746.9,  -4.02614
747.0,  -4.02923
747.1,  -4.03233
747.2,  -4.03543
747.3,  -4.03853
747.4,  -4.04163
747.5,  -4.04472
747.6,  -4.04782
747.7,  -4.05092
747.8,  -4.05402
747.9,  -4.05712
748.0,  -4.06021
748.1,  -4.06331
748.2,  -4.06641
748.3,  -4.06950
748.4,  -4.07260
748.5,  -4.07570
748.6,  -4.07879
748.7,  -4.08189
748.8,  -4.08498
748.9,  -4.08807
749.0,  -4.09116
749.1,  -4.09425
749.2,  -4.09734
749.3,  -4.10043
749.4,  -4.10352
749.5,  -4.10661
749.6,  -4.10969
749.7,  -4.11278
749.8,  -4.11586
749.9,  -4.11894
750.0,  -4.12202
750.1,  -4.12510
750.2,  -4.12817
750.3,  -4.13125
750.4,  -4.13432
750.5,  -4.13739
750.6,  -4.14046
750.7,  -4.14353
750.8,  -4.14660
750.9,  -4.14966
751.0,  -4.15273
751.1,  -4.15579
751.2,  -4.15885
751.3,  -4.16191
751.4,  -4.16496
751.5,  -4.16802
751.6,  -4.17108
751.7,  -4.17413
751.8,  -4.17718
751.9,  -4.18023
752.0,  -4.18328
752.1,  -4.18633
752.2,  -4.18937
752.3,  -4.19242
752.4,  -4.19546
752.5,  -4.19850
752.6,  -4.20155
752.7,  -4.20459
752.8,  -4.20762
752.9,  -4.21066
753.0,  -4.21370
753.1,  -4.21673
753.2,  -4.21976
753.3,  -4.22279
753.4,  -4.22582
753.5,  -4.22885
753.6,  -4.23188
753.7,  -4.23491
753.8,  -4.23793
753.9,  -4.24096
754.0,  -4.24398
754.1,  -4.24700
754.2,  -4.25002
754.3,  -4.25304
754.4,  -4.25606
754.5,  -4.25908
754.6,  -4.26210
754.7,  -4.26511
754.8,  -4.26813
754.9,  -4.27114
755.0,  -4.27415
755.1,  -4.27716
755.2,  -4.28017
755.3,  -4.28318
755.4,  -4.28619
755.5,  -4.28919
755.6,  -4.29220
755.7,  -4.29521
755.8,  -4.29821
755.9,  -4.30121
756.0,  -4.30422
756.1,  -4.30722
756.2,  -4.31022
756.3,  -4.31322
756.4,  -4.31622
756.5,  -4.31922
756.6,  -4.32222
756.7,  -4.32521
756.8,  -4.32821
756.9,  -4.33121
757.0,  -4.33420
757.1,  -4.33720
757.2,  -4.34019
757.3,  -4.34319
757.4,  -4.34618
757.5,  -4.34918
757.6,  -4.35217
757.7,  -4.35517
757.8,  -4.35816
757.9,  -4.36115
758.0,  -4.36414
758.1,  -4.36714
758.2,  -4.37013
758.3,  -4.37312
758.4,  -4.37612
758.5,  -4.37911
758.6,  -4.38210
758.7,  -4.38509
758.8,  -4.38809
758.9,  -4.39108
759.0,  -4.39407
759.1,  -4.39706
759.2,  -4.40006
759.3,  -4.40305
759.4,  -4.40604
759.5,  -4.40904
759.6,  -4.41203
759.7,  -4.41503
759.8,  -4.41802
759.9,  -4.42102
760.0,  -4.42401
760.1,  -4.42701
760.2,  -4.43000
760.3,  -4.43300
760.4,  -4.43600
760.5,  -4.43899
760.6,  -4.44199
760.7,  -4.44499
760.8,  -4.44799
760.9,  -4.45098
761.0,  -4.45398
761.1,  -4.45698
761.2,  -4.45998
761.3,  -4.46297
761.4,  -4.46597
761.5,  -4.46897
761.6,  -4.47196
761.7,  -4.47496
761.8,  -4.47795
761.9,  -4.48095
762.0,  -4.48394
762.1,  -4.48694
762.2,  -4.48993
762.3,  -4.49292
762.4,  -4.49591
762.5,  -4.49890
762.6,  -4.50189
762.7,  -4.50488
762.8,  -4.50787
762.9,  -4.51086
763.0,  -4.51384
763.1,  -4.51683
763.2,  -4.51981
763.3,  -4.52279
763.4,  -4.52577
763.5,  -4.52875
763.6,  -4.53173
763.7,  -4.53471
763.8,  -4.53768
763.9,  -4.54065
764.0,  -4.54363
764.1,  -4.54660
764.2,  -4.54956
764.3,  -4.55253
764.4,  -4.55549
764.5,  -4.55846
764.6,  -4.56142
764.7,  -4.56438
764.8,  -4.56733
764.9,  -4.57029
765.0,  -4.57324
765.1,  -4.57619
765.2,  -4.57914
765.3,  -4.58208
765.4,  -4.58503
765.5,  -4.58797
765.6,  -4.59091
765.7,  -4.59385
765.8,  -4.59678
765.9,  -4.59972
766.0,  -4.60265
766.1,  -4.60558
766.2,  -4.60851
766.3,  -4.61144
766.4,  -4.61437
766.5,  -4.61730
766.6,  -4.62023
766.7,  -4.62315
766.8,  -4.62608
766.9,  -4.62900
767.0,  -4.63192
767.1,  -4.63484
767.2,  -4.63777
767.3,  -4.64069
767.4,  -4.64361
767.5,  -4.64653
767.6,  -4.64945
767.7,  -4.65237
767.8,  -4.65529
767.9,  -4.65821
768.0,  -4.66113
768.1,  -4.66405
768.2,  -4.66697
768.3,  -4.66990
768.4,  -4.67282
768.5,  -4.67574
768.6,  -4.67866
768.7,  -4.68159
768.8,  -4.68451
768.9,  -4.68744
769.0,  -4.69036
769.1,  -4.69329
769.2,  -4.69622
769.3,  -4.69915
769.4,  -4.70208
769.5,  -4.70501
769.6,  -4.70794
769.7,  -4.71088
769.8,  -4.71381
769.9,  -4.71675
770.0,  -4.71969
770.1,  -4.72263
770.2,  -4.72558
770.3,  -4.72852
770.4,  -4.73147
770.5,  -4.73442
770.6,  -4.73737
770.7,  -4.74032
770.8,  -4.74327
770.9,  -4.74622
771.0,  -4.74917
771.1,  -4.75213
771.2,  -4.75508
771.3,  -4.75804
771.4,  -4.76099
771.5,  -4.76395
771.6,  -4.76691
771.7,  -4.76986
771.8,  -4.77282
771.9,  -4.77577
772.0,  -4.77873
772.1,  -4.78169
772.2,  -4.78464
772.3,  -4.78760
772.4,  -4.79055
772.5,  -4.79350
772.6,  -4.79646
772.7,  -4.79941
772.8,  -4.80236
772.9,  -4.80531
773.0,  -4.80826
773.1,  -4.81120
773.2,  -4.81415
773.3,  -4.81709
773.4,  -4.82004
773.5,  -4.82298
773.6,  -4.82592
773.7,  -4.82885
773.8,  -4.83179
773.9,  -4.83472
774.0,  -4.83765
774.1,  -4.84058
774.2,  -4.84350
774.3,  -4.84642
774.4,  -4.84934
774.5,  -4.85226
774.6,  -4.85517
774.7,  -4.85809
774.8,  -4.86099
774.9,  -4.86390
775.0,  -4.86680
775.1,  -4.86970
775.2,  -4.87259
775.3,  -4.87548
775.4,  -4.87837
775.5,  -4.88125
775.6,  -4.88413
775.7,  -4.88701
775.8,  -4.88989
775.9,  -4.89276
776.0,  -4.89563
776.1,  -4.89850
776.2,  -4.90136
776.3,  -4.90423
776.4,  -4.90709
776.5,  -4.90994
776.6,  -4.91280
776.7,  -4.91565
776.8,  -4.91850
776.9,  -4.92135
777.0,  -4.92420
777.1,  -4.92705
777.2,  -4.92989
777.3,  -4.93273
777.4,  -4.93557
777.5,  -4.93841
777.6,  -4.94125
777.7,  -4.94409
777.8,  -4.94692
777.9,  -4.94975
778.0,  -4.95259
778.1,  -4.95542
778.2,  -4.95825
778.3,  -4.96108
778.4,  -4.96391
778.5,  -4.96674
778.6,  -4.96957
778.7,  -4.97239
778.8,  -4.97522
778.9,  -4.97805
779.0,  -4.98088
779.1,  -4.98370
779.2,  -4.98653
779.3,  -4.98936
779.4,  -4.99218
779.5,  -4.99501
779.6,  -4.99784
779.7,  -5.00066
779.8,  -5.00349
779.9,  -5.00632
780.0,  -5.00915
780.1,  -5.01198
780.2,  -5.01481
780.3,  -5.01764
780.4,  -5.02047
780.5,  -5.02330
780.6,  -5.02613
780.7,  -5.02897
780.8,  -5.03180
780.9,  -5.03463
781.0,  -5.03747
781.1,  -5.04030
781.2,  -5.04314
781.3,  -5.04597
781.4,  -5.04881
781.5,  -5.05164
781.6,  -5.05448
781.7,  -5.05732
781.8,  -5.06015
781.9,  -5.06299
782.0,  -5.06583
782.1,  -5.06866
782.2,  -5.07150
782.3,  -5.07433
782.4,  -5.07717
782.5,  -5.08001
782.6,  -5.08284
782.7,  -5.08568
782.8,  -5.08852
782.9,  -5.09135
783.0,  -5.09419
783.1,  -5.09702
783.2,  -5.09986
783.3,  -5.10269
783.4,  -5.10552
783.5,  -5.10836
783.6,  -5.11119
783.7,  -5.11402
783.8,  -5.11686
783.9,  -5.11969
784.0,  -5.12252
784.1,  -5.12535
784.2,  -5.12818
784.3,  -5.13101
784.4,  -5.13384
784.5,  -5.13667
784.6,  -5.13949
784.7,  -5.14232
784.8,  -5.14515
784.9,  -5.14797
785.0,  -5.15080
785.1,  -5.15362
785.2,  -5.15644
785.3,  -5.15926
785.4,  -5.16208
785.5,  -5.16490
785.6,  -5.16772
785.7,  -5.17054
785.8,  -5.17336
785.9,  -5.17617
786.0,  -5.17899
786.1,  -5.18180
786.2,  -5.18462
786.3,  -5.18743
786.4,  -5.19025
786.5,  -5.19306
786.6,  -5.19587
786.7,  -5.19868
786.8,  -5.20149
786.9,  -5.20430
787.0,  -5.20711
787.1,  -5.20992
787.2,  -5.21273
787.3,  -5.21554
787.4,  -5.21835
787.5,  -5.22115
787.6,  -5.22396
787.7,  -5.22677
787.8,  -5.22957
787.9,  -5.23238
788.0,  -5.23518
788.1,  -5.23799
788.2,  -5.24079
788.3,  -5.24360
788.4,  -5.24640
788.5,  -5.24921
788.6,  -5.25201
788.7,  -5.25481
788.8,  -5.25762
788.9,  -5.26042
789.0,  -5.26322
789.1,  -5.26603
789.2,  -5.26883
789.3,  -5.27163
789.4,  -5.27444
789.5,  -5.27724
789.6,  -5.28004
789.7,  -5.28284
789.8,  -5.28565
789.9,  -5.28845
790.0,  -5.29125
790.1,  -5.29405
790.2,  -5.29686
790.3,  -5.29966
790.4,  -5.30246
790.5,  -5.30526
790.6,  -5.30807
790.7,  -5.31087
790.8,  -5.31367
790.9,  -5.31647
791.0,  -5.31927
791.1,  -5.32208
791.2,  -5.32488
791.3,  -5.32768
791.4,  -5.33048
791.5,  -5.33328
791.6,  -5.33608
791.7,  -5.33888
791.8,  -5.34168
791.9,  -5.34448
792.0,  -5.34728
792.1,  -5.35007
792.2,  -5.35287
792.3,  -5.35567
792.4,  -5.35846
792.5,  -5.36126
792.6,  -5.36405
792.7,  -5.36685
792.8,  -5.36964
792.9,  -5.37243
793.0,  -5.37522
793.1,  -5.37802
793.2,  -5.38081
793.3,  -5.38360
793.4,  -5.38638
793.5,  -5.38917
793.6,  -5.39196
793.7,  -5.39474
793.8,  -5.39753
793.9,  -5.40031
794.0,  -5.40310
794.1,  -5.40588
794.2,  -5.40866
794.3,  -5.41144
794.4,  -5.41421
794.5,  -5.41699
794.6,  -5.41977
794.7,  -5.42254
794.8,  -5.42531
794.9,  -5.42809
795.0,  -5.43086
795.1,  -5.43363
795.2,  -5.43639
795.3,  -5.43916
795.4,  -5.44193
795.5,  -5.44469
795.6,  -5.44745
795.7,  -5.45021
795.8,  -5.45297
795.9,  -5.45573
796.0,  -5.45849
796.1,  -5.46124
796.2,  -5.46400
796.3,  -5.46675
796.4,  -5.46950
796.5,  -5.47225
796.6,  -5.47500
796.7,  -5.47775
796.8,  -5.48050
796.9,  -5.48324
797.0,  -5.48598
797.1,  -5.48873
797.2,  -5.49147
797.3,  -5.49421
797.4,  -5.49695
797.5,  -5.49968
797.6,  -5.50242
797.7,  -5.50515
797.8,  -5.50789
797.9,  -5.51062
798.0,  -5.51335
798.1,  -5.51608
798.2,  -5.51881
798.3,  -5.52154
798.4,  -5.52426
798.5,  -5.52699
798.6,  -5.52971
798.7,  -5.53243
798.8,  -5.53515
798.9,  -5.53787
799.0,  -5.54059
799.1,  -5.54331
799.2,  -5.54602
799.3,  -5.54874
799.4,  -5.55145
799.5,  -5.55416
799.6,  -5.55687
799.7,  -5.55958
799.8,  -5.56229
799.9,  -5.56500
800.0,  -5.56771
800.1,  -5.57041
800.2,  -5.57311
800.3,  -5.57582
800.4,  -5.57852
800.5,  -5.58122
800.6,  -5.58392
800.7,  -5.58662
800.8,  -5.58931
800.9,  -5.59201
801.0,  -5.59471
801.1,  -5.59740
801.2,  -5.60010
801.3,  -5.60279
801.4,  -5.60549
801.5,  -5.60818
801.6,  -5.61087
801.7,  -5.61356
801.8,  -5.61626
801.9,  -5.61895
802.0,  -5.62164
802.1,  -5.62433
802.2,  -5.62702
802.3,  -5.62971
802.4,  -5.63240
802.5,  -5.63509
802.6,  -5.63778
802.7,  -5.64047
802.8,  -5.64316
802.9,  -5.64585
803.0,  -5.64854
803.1,  -5.65123
803.2,  -5.65392
803.3,  -5.65662
803.4,  -5.65931
803.5,  -5.66200
803.6,  -5.66469
803.7,  -5.66739
803.8,  -5.67008
803.9,  -5.67277
804.0,  -5.67547
804.1,  -5.67817
804.2,  -5.68086
804.3,  -5.68356
804.4,  -5.68626
804.5,  -5.68896
804.6,  -5.69166
804.7,  -5.69436
804.8,  -5.69706
804.9,  -5.69976
805.0,  -5.70247
805.1,  -5.70517
805.2,  -5.70788
805.3,  -5.71059
805.4,  -5.71330
805.5,  -5.71601
805.6,  -5.71872
805.7,  -5.72143
805.8,  -5.72414
805.9,  -5.72685
806.0,  -5.72957
806.1,  -5.73228
806.2,  -5.73500
806.3,  -5.73771
806.4,  -5.74043
806.5,  -5.74314
806.6,  -5.74586
806.7,  -5.74858
806.8,  -5.75129
806.9,  -5.75401
807.0,  -5.75673
807.1,  -5.75945
807.2,  -5.76217
807.3,  -5.76488
807.4,  -5.76760
807.5,  -5.77032
807.6,  -5.77304
807.7,  -5.77576
807.8,  -5.77847
807.9,  -5.78119
808.0,  -5.78391
808.1,  -5.78663
808.2,  -5.78934
808.3,  -5.79206
808.4,  -5.79477
808.5,  -5.79749
808.6,  -5.80020
808.7,  -5.80291
808.8,  -5.80563
808.9,  -5.80834
809.0,  -5.81105
809.1,  -5.81376
809.2,  -5.81647
809.3,  -5.81918
809.4,  -5.82188
809.5,  -5.82459
809.6,  -5.82729
809.7,  -5.83000
809.8,  -5.83270
809.9,  -5.83540
810.0,  -5.83810
810.1,  -5.84080
810.2,  -5.84349
810.3,  -5.84619
810.4,  -5.84888
810.5,  -5.85157
810.6,  -5.85427
810.7,  -5.85695
810.8,  -5.85964
810.9,  -5.86233
811.0,  -5.86501
811.1,  -5.86770
811.2,  -5.87038
811.3,  -5.87306
811.4,  -5.87574
811.5,  -5.87842
811.6,  -5.88109
811.7,  -5.88377
811.8,  -5.88644
811.9,  -5.88911
812.0,  -5.89178
812.1,  -5.89445
812.2,  -5.89712
812.3,  -5.89979
812.4,  -5.90245
812.5,  -5.90511
812.6,  -5.90778
812.7,  -5.91044
812.8,  -5.91309
812.9,  -5.91575
813.0,  -5.91841
813.1,  -5.92106
813.2,  -5.92371
813.3,  -5.92636
813.4,  -5.92901
813.5,  -5.93166
813.6,  -5.93431
813.7,  -5.93695
813.8,  -5.93959
813.9,  -5.94224
814.0,  -5.94488
814.1,  -5.94751
814.2,  -5.95015
814.3,  -5.95279
814.4,  -5.95542
814.5,  -5.95805
814.6,  -5.96068
814.7,  -5.96331
814.8,  -5.96594
814.9,  -5.96857
815.0,  -5.97119
815.1,  -5.97381
815.2,  -5.97643
815.3,  -5.97905
815.4,  -5.98167
815.5,  -5.98429
815.6,  -5.98690
815.7,  -5.98952
815.8,  -5.99213
815.9,  -5.99474
816.0,  -5.99735
816.1,  -5.99996
816.2,  -6.00257
816.3,  -6.00518
816.4,  -6.00778
816.5,  -6.01039
816.6,  -6.01299
816.7,  -6.01559
816.8,  -6.01820
816.9,  -6.02080
817.0,  -6.02340
817.1,  -6.02600
817.2,  -6.02859
817.3,  -6.03119
817.4,  -6.03379
817.5,  -6.03639
817.6,  -6.03898
817.7,  -6.04158
817.8,  -6.04417
817.9,  -6.04676
818.0,  -6.04936
818.1,  -6.05195
818.2,  -6.05454
818.3,  -6.05714
818.4,  -6.05973
818.5,  -6.06232
818.6,  -6.06491
818.7,  -6.06750
818.8,  -6.07009
818.9,  -6.07268
819.0,  -6.07527
819.1,  -6.07787
819.2,  -6.08046
819.3,  -6.08305
819.4,  -6.08564
819.5,  -6.08823
819.6,  -6.09082
819.7,  -6.09341
819.8,  -6.09600
819.9,  -6.09859
820.0,  -6.10118
820.1,  -6.10378
820.2,  -6.10637
820.3,  -6.10896
820.4,  -6.11155
820.5,  -6.11415
820.6,  -6.11674
820.7,  -6.11933
820.8,  -6.12193
820.9,  -6.12452
821.0,  -6.12712
821.1,  -6.12971
821.2,  -6.13231
821.3,  -6.13490
821.4,  -6.13749
821.5,  -6.14009
821.6,  -6.14268
821.7,  -6.14528
821.8,  -6.14787
821.9,  -6.15047
822.0,  -6.15306
822.1,  -6.15566
822.2,  -6.15825
822.3,  -6.16085
822.4,  -6.16344
822.5,  -6.16604
822.6,  -6.16863
822.7,  -6.17122
822.8,  -6.17382
822.9,  -6.17641
823.0,  -6.17901
823.1,  -6.18160
823.2,  -6.18419
823.3,  -6.18679
823.4,  -6.18938
823.5,  -6.19197
823.6,  -6.19456
823.7,  -6.19716
823.8,  -6.19975
823.9,  -6.20234
824.0,  -6.20493
824.1,  -6.20752
824.2,  -6.21011
824.3,  -6.21270
824.4,  -6.21529
824.5,  -6.21788
824.6,  -6.22047
824.7,  -6.22305
824.8,  -6.22564
824.9,  -6.22823
825.0,  -6.23082
825.1,  -6.23340
825.2,  -6.23599
825.3,  -6.23857
825.4,  -6.24116
825.5,  -6.24374
825.6,  -6.24632
825.7,  -6.24891
825.8,  -6.25149
825.9,  -6.25407
826.0,  -6.25665
826.1,  -6.25923
826.2,  -6.26181
826.3,  -6.26439
826.4,  -6.26696
826.5,  -6.26954
826.6,  -6.27212
826.7,  -6.27469
826.8,  -6.27726
826.9,  -6.27984
827.0,  -6.28241
827.1,  -6.28498
827.2,  -6.28755
827.3,  -6.29012
827.4,  -6.29269
827.5,  -6.29526
827.6,  -6.29783
827.7,  -6.30039
827.8,  -6.30296
827.9,  -6.30552
828.0,  -6.30809
828.1,  -6.31065
828.2,  -6.31321
828.3,  -6.31577
828.4,  -6.31833
828.5,  -6.32088
828.6,  -6.32344
828.7,  -6.32600
828.8,  -6.32855
828.9,  -6.33110
829.0,  -6.33366
829.1,  -6.33621
829.2,  -6.33876
829.3,  -6.34130
829.4,  -6.34385
829.5,  -6.34640
829.6,  -6.34894
829.7,  -6.35148
829.8,  -6.35402
829.9,  -6.35656
830.0,  -6.35910
