390.0,  -3.38465
390.1,  -3.37623
390.2,  -3.36781
390.3,  -3.35941
390.4,  -3.35101
390.5,  -3.34261
390.6,  -3.33423
390.7,  -3.32585
390.8,  -3.31749
390.9,  -3.30913
391.0,  -3.30078
391.1,  -3.29244
391.2,  -3.28411
391.3,  -3.27579
391.4,  -3.26748
391.5,  -3.25918
391.6,  -3.25089
391.7,  -3.24261
391.8,  -3.23434
391.9,  -3.22608
392.0,  -3.21784
392.1,  -3.20960
392.2,  -3.20138
392.3,  -3.19316
392.4,  -3.18496
392.5,  -3.17678
392.6,  -3.16860
392.7,  -3.16043
392.8,  -3.15228
392.9,  -3.14414
393.0,  -3.13602
393.1,  -3.12791
393.2,  -3.11981
393.3,  -3.11172
393.4,  -3.10365
393.5,  -3.09559
393.6,  -3.08755
393.7,  -3.07952
393.8,  -3.07151
393.9,  -3.06351
394.0,  -3.05552
394.1,  -3.04755
394.2,  -3.03960
394.3,  -3.03166
394.4,  -3.02374
394.5,  -3.01583
394.6,  -3.00794
394.7,  -3.00007
394.8,  -2.99221
394.9,  -2.98437
395.0,  -2.97655
395.1,  -2.96874
395.2,  -2.96095
395.3,  -2.95318
395.4,  -2.94543
395.5,  -2.93769
395.6,  -2.92997
395.7,  -2.92227
395.8,  -2.91459
395.9,  -2.90693
396.0,  -2.89929
396.1,  -2.89166
396.2,  -2.88406
396.3,  -2.87647
396.4,  -2.86891
396.5,  -2.86136
396.6,  -2.85384
396.7,  -2.84633
396.8,  -2.83885
396.9,  -2.83139
397.0,  -2.82394
397.1,  -2.81652
397.2,  -2.80912
397.3,  -2.80174
397.4,  -2.79439
397.5,  -2.78705
397.6,  -2.77974
397.7,  -2.77245
397.8,  -2.76518
397.9,  -2.75794
398.0,  -2.75071
398.1,  -2.74352
398.2,  -2.73634
398.3,  -2.72919
398.4,  -2.72206
398.5,  -2.71495
398.6,  -2.70787
398.7,  -2.70082
398.8,  -2.69379
398.9,  -2.68678
399.0,  -2.67980
399.1,  -2.67284
399.2,  -2.66591
399.3,  -2.65900
399.4,  -2.65212
399.5,  -2.64527
399.6,  -2.63844
399.7,  -2.63164
399.8,  -2.62486
399.9,  -2.61811
400.0,  -2.61139
400.1,  -2.60470
400.2,  -2.59803
400.3,  -2.59139
400.4,  -2.58477
400.5,  -2.57818
400.6,  -2.57162
400.7,  -2.56508
400.8,  -2.55856
400.9,  -2.55208
401.0,  -2.54561
401.1,  -2.53917
401.2,  -2.53275
401.3,  -2.52636
401.4,  -2.51999
401.5,  -2.51365
401.6,  -2.50732
401.7,  -2.50102
401.8,  -2.49474
401.9,  -2.48848
402.0,  -2.48225
402.1,  -2.47603
402.2,  -2.46984
402.3,  -2.46367
402.4,  -2.45751
402.5,  -2.45138
402.6,  -2.44527
402.7,  -2.43917
402.8,  -2.43310
402.9,  -2.42705
403.0,  -2.42101
403.1,  -2.41499
403.2,  -2.40899
403.3,  -2.40301
403.4,  -2.39704
403.5,  -2.39109
403.6,  -2.38516
403.7,  -2.37925
403.8,  -2.37335
403.9,  -2.36747
404.0,  -2.36160
404.1,  -2.35575
404.2,  -2.34991
404.3,  -2.34409
404.4,  -2.33828
404.5,  -2.33249
404.6,  -2.32671
404.7,  -2.32094
404.8,  -2.31519
404.9,  -2.30945
405.0,  -2.30372
405.1,  -2.29801
405.2,  -2.29231
405.3,  -2.28662
405.4,  -2.28095
405.5,  -2.27529
405.6,  -2.26964
405.7,  -2.26401
405.8,  -2.25839
405.9,  -2.25279
406.0,  -2.24721
406.1,  -2.24164
406.2,  -2.23609
406.3,  -2.23055
406.4,  -2.22504
406.5,  -2.21954
406.6,  -2.21406
406.7,  -2.20859
406.8,  -2.20315
406.9,  -2.19773
407.0,  -2.19232
407.1,  -2.18694
407.2,  -2.18158
407.3,  -2.17623
407.4,  -2.17091
407.5,  -2.16561
407.6,  -2.16034
407.7,  -2.15508
407.8,  -2.14985
407.9,  -2.14464
408.0,  -2.13946
408.1,  -2.13429
408.2,  -2.12916
408.3,  -2.12405
408.4,  -2.11896
408.5,  -2.11390
408.6,  -2.10886
408.7,  -2.10386
408.8,  -2.09887
408.9,  -2.09392
409.0,  -2.08899
409.1,  -2.08409
409.2,  -2.07922
409.3,  -2.07438
409.4,  -2.06957
409.5,  -2.06478
409.6,  -2.06003
409.7,  -2.05530
409.8,  -2.05061
409.9,  -2.04595
410.0,  -2.04131
410.1,  -2.03671
410.2,  -2.03215
410.3,  -2.02761
410.4,  -2.02310
410.5,  -2.01862
410.6,  -2.01418
410.7,  -2.00976
410.8,  -2.00537
410.9,  -2.00101
411.0,  -1.99668
411.1,  -1.99238
411.2,  -1.98810
411.3,  -1.98385
411.4,  -1.97963
411.5,  -1.97543
411.6,  -1.97127
411.7,  -1.96712
411.8,  -1.96300
411.9,  -1.95891
412.0,  -1.95484
412.1,  -1.95080
412.2,  -1.94678
412.3,  -1.94278
412.4,  -1.93881
412.5,  -1.93486
412.6,  -1.93094
412.7,  -1.92703
412.8,  -1.92315
412.9,  -1.91929
413.0,  -1.91545
413.1,  -1.91163
413.2,  -1.90783
413.3,  -1.90405
413.4,  -1.90029
413.5,  -1.89655
413.6,  -1.89283
413.7,  -1.88912
413.8,  -1.88544
413.9,  -1.88177
414.0,  -1.87812
414.1,  -1.87449
414.2,  -1.87088
414.3,  -1.86728
414.4,  -1.86369
414.5,  -1.86013
414.6,  -1.85658
414.7,  -1.85304
414.8,  -1.84952
414.9,  -1.84601
415.0,  -1.84252
415.1,  -1.83904
415.2,  -1.83557
415.3,  -1.83212
415.4,  -1.82869
415.5,  -1.82526
415.6,  -1.82185
415.7,  -1.81846
415.8,  -1.81508
415.9,  -1.81172
416.0,  -1.80837
416.1,  -1.80504
416.2,  -1.80172
416.3,  -1.79842
416.4,  -1.79513
416.5,  -1.79186
416.6,  -1.78861
416.7,  -1.78537
416.8,  -1.78215
416.9,  -1.77895
417.0,  -1.77576
417.1,  -1.77259
417.2,  -1.76944
417.3,  -1.76630
417.4,  -1.76319
417.5,  -1.76009
417.6,  -1.75701
417.7,  -1.75394
417.8,  -1.75090
417.9,  -1.74787
418.0,  -1.74486
418.1,  -1.74187
418.2,  -1.73890
418.3,  -1.73595
418.4,  -1.73302
418.5,  -1.73010
418.6,  -1.72721
418.7,  -1.72434
418.8,  -1.72148
418.9,  -1.71865
419.0,  -1.71584
419.1,  -1.71304
419.2,  -1.71027
419.3,  -1.70752
419.4,  -1.70479
419.5,  -1.70208
419.6,  -1.69939
419.7,  -1.69673
419.8,  -1.69408
419.9,  -1.69146
420.0,  -1.68886
420.1,  -1.68628
420.2,  -1.68372
420.3,  -1.68118
420.4,  -1.67866
420.5,  -1.67617
420.6,  -1.67369
420.7,  -1.67123
420.8,  -1.66879
420.9,  -1.66637
421.0,  -1.66397
421.1,  -1.66158
421.2,  -1.65921
421.3,  -1.65685
421.4,  -1.65451
421.5,  -1.65219
421.6,  -1.64988
421.7,  -1.64759
421.8,  -1.64530
421.9,  -1.64304
422.0,  -1.64078
422.1,  -1.63854
422.2,  -1.63630
422.3,  -1.63408
422.4,  -1.63187
422.5,  -1.62967
422.6,  -1.62748
422.7,  -1.62530
422.8,  -1.62313
422.9,  -1.62096
423.0,  -1.61880
423.1,  -1.61665
423.2,  -1.61451
423.3,  -1.61237
423.4,  -1.61024
423.5,  -1.60812
423.6,  -1.60600
423.7,  -1.60388
423.8,  -1.60177
423.9,  -1.59966
424.0,  -1.59755
424.1,  -1.59544
424.2,  -1.59334
424.3,  -1.59124
424.4,  -1.58914
424.5,  -1.58704
424.6,  -1.58494
424.7,  -1.58284
424.8,  -1.58074
424.9,  -1.57863
425.0,  -1.57653
425.1,  -1.57442
425.2,  -1.57231
425.3,  -1.57020
425.4,  -1.56808
425.5,  -1.56597
425.6,  -1.56385
425.7,  -1.56173
425.8,  -1.55960
425.9,  -1.55748
426.0,  -1.55536
426.1,  -1.55323
426.2,  -1.55110
426.3,  -1.54897
426.4,  -1.54684
426.5,  -1.54471
426.6,  -1.54258
426.7,  -1.54045
426.8,  -1.53832
426.9,  -1.53619
427.0,  -1.53405
427.1,  -1.53192
427.2,  -1.52979
427.3,  -1.52765
427.4,  -1.52552
427.5,  -1.52339
427.6,  -1.52126
427.7,  -1.51912
427.8,  -1.51699
427.9,  -1.51486
428.0,  -1.51273
428.1,  -1.51061
428.2,  -1.50848
428.3,  -1.50635
428.4,  -1.50423
428.5,  -1.50210
428.6,  -1.49998
428.7,  -1.49786
428.8,  -1.49574
428.9,  -1.49362
429.0,  -1.49151
429.1,  -1.48940
429.2,  -1.48728
429.3,  -1.48518
429.4,  -1.48307
429.5,  -1.48097
429.6,  -1.47886
429.7,  -1.47677
429.8,  -1.47467
429.9,  -1.47258
430.0,  -1.47049
430.1,  -1.46840
430.2,  -1.46632
430.3,  -1.46424
430.4,  -1.46216
430.5,  -1.46008
430.6,  -1.45801
430.7,  -1.45595
430.8,  -1.45388
430.9,  -1.45182
431.0,  -1.44976
431.1,  -1.44771
431.2,  -1.44566
431.3,  -1.44361
431.4,  -1.44157
431.5,  -1.43953
431.6,  -1.43749
431.7,  -1.43546
431.8,  -1.43343
431.9,  -1.43140
432.0,  -1.42938
432.1,  -1.42736
432.2,  -1.42534
432.3,  -1.42333
432.4,  -1.42133
432.5,  -1.41932
432.6,  -1.41732
432.7,  -1.41533
432.8,  -1.41333
432.9,  -1.41135
433.0,  -1.40936
433.1,  -1.40738
433.2,  -1.40541
433.3,  -1.40344
433.4,  -1.40147
433.5,  -1.39950
433.6,  -1.39755
433.7,  -1.39559
433.8,  -1.39364
433.9,  -1.39169
434.0,  -1.38975
434.1,  -1.38781
434.2,  -1.38588
434.3,  -1.38395
434.4,  -1.38203
434.5,  -1.38011
434.6,  -1.37820
434.7,  -1.37629
434.8,  -1.37438
434.9,  -1.37248
435.0,  -1.37058
435.1,  -1.36869
435.2,  -1.36681
435.3,  -1.36493
435.4,  -1.36305
435.5,  -1.36118
435.6,  -1.35932
435.7,  -1.35746
435.8,  -1.35561
435.9,  -1.35377
436.0,  -1.35193
436.1,  -1.35010
436.2,  -1.34827
436.3,  -1.34646
436.4,  -1.34465
436.5,  -1.34284
436.6,  -1.34105
436.7,  -1.33926
436.8,  -1.33749
436.9,  -1.33572
437.0,  -1.33396
437.1,  -1.33221
437.2,  -1.33046
437.3,  -1.32873
437.4,  -1.32701
437.5,  -1.32529
437.6,  -1.32359
437.7,  -1.32189
437.8,  -1.32021
437.9,  -1.31854
438.0,  -1.31687
438.1,  -1.31522
438.2,  -1.31358
438.3,  -1.31195
438.4,  -1.31033
438.5,  -1.30872
438.6,  -1.30713
438.7,  -1.30555
438.8,  -1.30397
438.9,  -1.30242
439.0,  -1.30087
439.1,  -1.29934
439.2,  -1.29782
439.3,  -1.29631
439.4,  -1.29482
439.5,  -1.29334
439.6,  -1.29187
439.7,  -1.29042
439.8,  -1.28898
439.9,  -1.28756
440.0,  -1.28615
440.1,  -1.28475
440.2,  -1.28337
440.3,  -1.28201
440.4,  -1.28065
440.5,  -1.27931
440.6,  -1.27799
440.7,  -1.27668
440.8,  -1.27537
440.9,  -1.27409
441.0,  -1.27281
441.1,  -1.27154
441.2,  -1.27029
441.3,  -1.26905
441.4,  -1.26781
441.5,  -1.26659
441.6,  -1.26538
441.7,  -1.26417
441.8,  -1.26298
441.9,  -1.26179
442.0,  -1.26062
442.1,  -1.25945
442.2,  -1.25829
442.3,  -1.25713
442.4,  -1.25599
442.5,  -1.25485
442.6,  -1.25372
442.7,  -1.25259
442.8,  -1.25147
442.9,  -1.25036
443.0,  -1.24925
443.1,  -1.24814
443.2,  -1.24704
443.3,  -1.24594
443.4,  -1.24485
443.5,  -1.24376
443.6,  -1.24268
443.7,  -1.24160
443.8,  -1.24052
443.9,  -1.23944
444.0,  -1.23837
444.1,  -1.23729
444.2,  -1.23622
444.3,  -1.23515
444.4,  -1.23408
444.5,  -1.23301
444.6,  -1.23194
444.7,  -1.23087
444.8,  -1.22980
444.9,  -1.22873
445.0,  -1.22766
445.1,  -1.22658
445.2,  -1.22551
445.3,  -1.22443
445.4,  -1.22335
445.5,  -1.22227
445.6,  -1.22119
445.7,  -1.22011
445.8,  -1.21903
445.9,  -1.21795
446.0,  -1.21686
446.1,  -1.21578
446.2,  -1.21470
446.3,  -1.21362
446.4,  -1.21253
446.5,  -1.21145
446.6,  -1.21037
446.7,  -1.20929
446.8,  -1.20821
446.9,  -1.20713
447.0,  -1.20606
447.1,  -1.20498
447.2,  -1.20390
447.3,  -1.20283
447.4,  -1.20176
447.5,  -1.20069
447.6,  -1.19962
447.7,  -1.19855
447.8,  -1.19749
447.9,  -1.19643
448.0,  -1.19537
448.1,  -1.19431
448.2,  -1.19326
448.3,  -1.19221
448.4,  -1.19116
448.5,  -1.19012
448.6,  -1.18907
448.7,  -1.18804
448.8,  -1.18700
448.9,  -1.18597
449.0,  -1.18495
449.1,  -1.18392
449.2,  -1.18291
449.3,  -1.18189
449.4,  -1.18088
449.5,  -1.17988
449.6,  -1.17888
449.7,  -1.17788
449.8,  -1.17689
449.9,  -1.17591
450.0,  -1.17493
450.1,  -1.17395
450.2,  -1.17298
450.3,  -1.17202
450.4,  -1.17106
450.5,  -1.17010
450.6,  -1.16915
450.7,  -1.16820
450.8,  -1.16725
450.9,  -1.16631
451.0,  -1.16537
451.1,  -1.16443
451.2,  -1.16350
451.3,  -1.16256
451.4,  -1.16163
451.5,  -1.16069
451.6,  -1.15976
451.7,  -1.15883
451.8,  -1.15790
451.9,  -1.15696
452.0,  -1.15603
452.1,  -1.15509
452.2,  -1.15415
452.3,  -1.15322
452.4,  -1.15227
452.5,  -1.15133
452.6,  -1.15038
452.7,  -1.14943
452.8,  -1.14848
452.9,  -1.14752
453.0,  -1.14656
453.1,  -1.14560
453.2,  -1.14463
453.3,  -1.14365
453.4,  -1.14267
453.5,  -1.14168
453.6,  -1.14069
453.7,  -1.13969
453.8,  -1.13868
453.9,  -1.13767
454.0,  -1.13665
454.1,  -1.13562
454.2,  -1.13458
454.3,  -1.13353
454.4,  -1.13248
454.5,  -1.13141
454.6,  -1.13034
454.7,  -1.12926
454.8,  -1.12816
454.9,  -1.12706
455.0,  -1.12594
455.1,  -1.12482
455.2,  -1.12368
455.3,  -1.12253
455.4,  -1.12137
455.5,  -1.12020
455.6,  -1.11902
455.7,  -1.11782
455.8,  -1.11662
455.9,  -1.11540
456.0,  -1.11417
456.1,  -1.11293
456.2,  -1.11168
456.3,  -1.11042
456.4,  -1.10914
456.5,  -1.10785
456.6,  -1.10655
456.7,  -1.10524
456.8,  -1.10392
456.9,  -1.10259
457.0,  -1.10124
457.1,  -1.09988
457.2,  -1.09851
457.3,  -1.09713
457.4,  -1.09573
457.5,  -1.09433
457.6,  -1.09291
457.7,  -1.09148
457.8,  -1.09003
457.9,  -1.08858
458.0,  -1.08711
458.1,  -1.08563
458.2,  -1.08414
458.3,  -1.08263
458.4,  -1.08111
458.5,  -1.07958
458.6,  -1.07804
458.7,  -1.07648
458.8,  -1.07492
458.9,  -1.07334
459.0,  -1.07174
459.1,  -1.07014
459.2,  -1.06852
459.3,  -1.06688
459.4,  -1.06524
459.5,  -1.06358
459.6,  -1.06191
459.7,  -1.06022
459.8,  -1.05853
459.9,  -1.05682
460.0,  -1.05509
460.1,  -1.05336
460.2,  -1.05161
460.3,  -1.04985
460.4,  -1.04807
460.5,  -1.04629
460.6,  -1.04449
460.7,  -1.04268
460.8,  -1.04086
460.9,  -1.03904
461.0,  -1.03720
461.1,  -1.03535
461.2,  -1.03349
461.3,  -1.03163
461.4,  -1.02975
461.5,  -1.02787
461.6,  -1.02598
461.7,  -1.02409
461.8,  -1.02218
461.9,  -1.02028
462.0,  -1.01836
462.1,  -1.01644
462.2,  -1.01451
462.3,  -1.01258
462.4,  -1.01065
462.5,  -1.00871
462.6,  -1.00676
462.7,  -1.00482
462.8,  -1.00287
462.9,  -1.00091
463.0,  -0.99896
463.1,  -0.99700
463.2,  -0.99505
463.3,  -0.99309
463.4,  -0.99113
463.5,  -0.98917
463.6,  -0.98721
463.7,  -0.98525
463.8,  -0.98329
463.9,  -0.98133
464.0,  -0.97937
464.1,  -0.97742
464.2,  -0.97547
464.3,  -0.97352
464.4,  -0.97157
464.5,  -0.96963
464.6,  -0.96769
464.7,  -0.96575
464.8,  -0.96382
464.9,  -0.96190
465.0,  -0.95998
465.1,  -0.95806
465.2,  -0.95616
465.3,  -0.95425
465.4,  -0.95235
465.5,  -0.95046
465.6,  -0.94858
465.7,  -0.94670
465.8,  -0.94483
465.9,  -0.94296
466.0,  -0.94110
466.1,  -0.93924
466.2,  -0.93739
466.3,  -0.93555
466.4,  -0.93371
466.5,  -0.93188
466.6,  -0.93006
466.7,  -0.92824
466.8,  -0.92643
466.9,  -0.92462
467.0,  -0.92282
467.1,  -0.92103
467.2,  -0.91925
467.3,  -0.91747
467.4,  -0.91569
467.5,  -0.91393
467.6,  -0.91217
467.7,  -0.91042
467.8,  -0.90867
467.9,  -0.90693
468.0,  -0.90520
468.1,  -0.90348
468.2,  -0.90176
468.3,  -0.90005
468.4,  -0.89834
468.5,  -0.89665
468.6,  -0.89496
468.7,  -0.89328
468.8,  -0.89160
468.9,  -0.88993
469.0,  -0.88827
469.1,  -0.88662
469.2,  -0.88497
469.3,  -0.88333
469.4,  -0.88170
469.5,  -0.88008
469.6,  -0.87846
469.7,  -0.87685
469.8,  -0.87525
469.9,  -0.87366
470.0,  -0.87207
470.1,  -0.87050
470.2,  -0.86893
470.3,  -0.86736
470.4,  -0.86581
470.5,  -0.86426
470.6,  -0.86272
470.7,  -0.86118
470.8,  -0.85966
470.9,  -0.85814
471.0,  -0.85662
471.1,  -0.85512
471.2,  -0.85361
471.3,  -0.85212
471.4,  -0.85063
471.5,  -0.84915
471.6,  -0.84767
471.7,  -0.84620
471.8,  -0.84474
471.9,  -0.84328
472.0,  -0.84182
472.1,  -0.84037
472.2,  -0.83893
472.3,  -0.83749
472.4,  -0.83606
472.5,  -0.83463
472.6,  -0.83320
472.7,  -0.83178
472.8,  -0.83037
472.9,  -0.82896
473.0,  -0.82755
473.1,  -0.82615
473.2,  -0.82475
473.3,  -0.82335
473.4,  -0.82196
473.5,  -0.82057
473.6,  -0.81919
473.7,  -0.81781
473.8,  -0.81643
473.9,  -0.81506
474.0,  -0.81369
474.1,  -0.81232
474.2,  -0.81095
474.3,  -0.80959
474.4,  -0.80823
474.5,  -0.80687
474.6,  -0.80551
474.7,  -0.80416
474.8,  -0.80280
474.9,  -0.80145
475.0,  -0.80011
475.1,  -0.79876
475.2,  -0.79741
475.3,  -0.79607
475.4,  -0.79473
475.5,  -0.79339
475.6,  -0.79205
475.7,  -0.79071
475.8,  -0.78937
475.9,  -0.78804
476.0,  -0.78671
476.1,  -0.78538
476.2,  -0.78405
476.3,  -0.78272
476.4,  -0.78139
476.5,  -0.78007
476.6,  -0.77874
476.7,  -0.77742
476.8,  -0.77610
476.9,  -0.77478
477.0,  -0.77346
477.1,  -0.77214
477.2,  -0.77083
477.3,  -0.76952
477.4,  -0.76820
477.5,  -0.76689
477.6,  -0.76558
477.7,  -0.76427
477.8,  -0.76297
477.9,  -0.76166
478.0,  -0.76036
478.1,  -0.75905
478.2,  -0.75775
478.3,  -0.75645
478.4,  -0.75515
478.5,  -0.75386
478.6,  -0.75256
478.7,  -0.75126
478.8,  -0.74997
478.9,  -0.74868
479.0,  -0.74739
479.1,  -0.74610
479.2,  -0.74481
479.3,  -0.74352
479.4,  -0.74223
479.5,  -0.74095
479.6,  -0.73966
479.7,  -0.73838
479.8,  -0.73710
479.9,  -0.73582
480.0,  -0.73454
480.1,  -0.73326
480.2,  -0.73198
480.3,  -0.73071
480.4,  -0.72943
480.5,  -0.72816
480.6,  -0.72689
480.7,  -0.72562
480.8,  -0.72435
480.9,  -0.72308
481.0,  -0.72181
481.1,  -0.72055
481.2,  -0.71928
481.3,  -0.71802
481.4,  -0.71676
481.5,  -0.71550
481.6,  -0.71424
481.7,  -0.71299
481.8,  -0.71174
481.9,  -0.71048
482.0,  -0.70923
482.1,  -0.70798
482.2,  -0.70674
482.3,  -0.70549
482.4,  -0.70425
482.5,  -0.70301
482.6,  -0.70177
482.7,  -0.70054
482.8,  -0.69930
482.9,  -0.69807
483.0,  -0.69684
483.1,  -0.69561
483.2,  -0.69439
483.3,  -0.69316
483.4,  -0.69194
483.5,  -0.69072
483.6,  -0.68951
483.7,  -0.68829
483.8,  -0.68708
483.9,  -0.68587
484.0,  -0.68466
484.1,  -0.68346
484.2,  -0.68226
484.3,  -0.68106
484.4,  -0.67987
484.5,  -0.67867
484.6,  -0.67748
484.7,  -0.67629
484.8,  -0.67511
484.9,  -0.67393
485.0,  -0.67275
485.1,  -0.67157
485.2,  -0.67040
485.3,  -0.66923
485.4,  -0.66806
485.5,  -0.66689
485.6,  -0.66572
485.7,  -0.66456
485.8,  -0.66340
485.9,  -0.66223
486.0,  -0.66107
486.1,  -0.65991
486.2,  -0.65875
486.3,  -0.65759
486.4,  -0.65642
486.5,  -0.65526
486.6,  -0.65409
486.7,  -0.65293
486.8,  -0.65176
486.9,  -0.65059
487.0,  -0.64942
487.1,  -0.64825
487.2,  -0.64707
487.3,  -0.64589
487.4,  -0.64471
487.5,  -0.64352
487.6,  -0.64233
487.7,  -0.64114
487.8,  -0.63994
487.9,  -0.63874
488.0,  -0.63753
488.1,  -0.63632
488.2,  -0.63510
488.3,  -0.63388
488.4,  -0.63265
488.5,  -0.63142
488.6,  -0.63018
488.7,  -0.62893
488.8,  -0.62767
488.9,  -0.62641
489.0,  -0.62514
489.1,  -0.62387
489.2,  -0.62258
489.3,  -0.62129
489.4,  -0.61999
489.5,  -0.61868
489.6,  -0.61736
489.7,  -0.61603
489.8,  -0.61469
489.9,  -0.61334
490.0,  -0.61198
490.1,  -0.61062
490.2,  -0.60924
490.3,  -0.60785
490.4,  -0.60645
490.5,  -0.60504
490.6,  -0.60362
490.7,  -0.60220
490.8,  -0.60076
490.9,  -0.59932
491.0,  -0.59786
491.1,  -0.59640
491.2,  -0.59493
491.3,  -0.59345
491.4,  -0.59196
491.5,  -0.59047
491.6,  -0.58896
491.7,  -0.58745
491.8,  -0.58593
491.9,  -0.58441
492.0,  -0.58287
492.1,  -0.58133
492.2,  -0.57978
492.3,  -0.57823
492.4,  -0.57667
492.5,  -0.57510
492.6,  -0.57353
492.7,  -0.57195
492.8,  -0.57036
492.9,  -0.56877
493.0,  -0.56717
493.1,  -0.56557
493.2,  -0.56396
493.3,  -0.56235
493.4,  -0.56073
493.5,  -0.55911
493.6,  -0.55748
493.7,  -0.55585
493.8,  -0.55421
493.9,  -0.55257
494.0,  -0.55093
494.1,  -0.54928
494.2,  -0.54762
494.3,  -0.54597
494.4,  -0.54431
494.5,  -0.54265
494.6,  -0.54098
494.7,  -0.53931
494.8,  -0.53764
494.9,  -0.53597
495.0,  -0.53429
495.1,  -0.53262
495.2,  -0.53094
495.3,  -0.52925
495.4,  -0.52757
495.5,  -0.52588
495.6,  -0.52419
495.7,  -0.52250
495.8,  -0.52081
495.9,  -0.51911
496.0,  -0.51742
496.1,  -0.51572
496.2,  -0.51402
496.3,  -0.51231
496.4,  -0.51061
496.5,  -0.50890
496.6,  -0.50719
496.7,  -0.50548
496.8,  -0.50377
496.9,  -0.50205
497.0,  -0.50034
497.1,  -0.49862
497.2,  -0.49690
497.3,  -0.49518
497.4,  -0.49345
497.5,  -0.49173
497.6,  -0.49000
497.7,  -0.48827
497.8,  -0.48654
497.9,  -0.48481
498.0,  -0.48307
498.1,  -0.48134
498.2,  -0.47960
498.3,  -0.47786
498.4,  -0.47612
498.5,  -0.47438
498.6,  -0.47264
498.7,  -0.47089
498.8,  -0.46915
498.9,  -0.46740
499.0,  -0.46565
499.1,  -0.46390
499.2,  -0.46215
499.3,  -0.46040
499.4,  -0.45864
499.5,  -0.45689
499.6,  -0.45513
499.7,  -0.45337
499.8,  -0.45161
499.9,  -0.44985
500.0,  -0.44809
500.1,  -0.44633
500.2,  -0.44456
500.3,  -0.44280
500.4,  -0.44103
500.5,  -0.43927
500.6,  -0.43750
500.7,  -0.43573
500.8,  -0.43396
500.9,  -0.43219
501.0,  -0.43042
501.1,  -0.42865
501.2,  -0.42687
501.3,  -0.42510
501.4,  -0.42333
501.5,  -0.42156
501.6,  -0.41978
501.7,  -0.41801
501.8,  -0.41623
501.9,  -0.41446
502.0,  -0.41269
502.1,  -0.41091
502.2,  -0.40914
502.3,  -0.40736
502.4,  -0.40559
502.5,  -0.40382
502.6,  -0.40204
502.7,  -0.40027
502.8,  -0.39850
502.9,  -0.39672
503.0,  -0.39495
503.1,  -0.39318
503.2,  -0.39141
503.3,  -0.38964
503.4,  -0.38787
503.5,  -0.38610
503.6,  -0.38434
503.7,  -0.38257
503.8,  -0.38080
503.9,  -0.37904
504.0,  -0.37728
504.1,  -0.37551
504.2,  -0.37375
504.3,  -0.37199
504.4,  -0.37023
504.5,  -0.36848
504.6,  -0.36672
504.7,  -0.36497
504.8,  -0.36321
504.9,  -0.36146
505.0,  -0.35971
505.1,  -0.35797
505.2,  -0.35622
505.3,  -0.35448
505.4,  -0.35273
505.5,  -0.35099
505.6,  -0.34926
505.7,  -0.34752
505.8,  -0.34578
505.9,  -0.34405
506.0,  -0.34232
506.1,  -0.34059
506.2,  -0.33887
506.3,  -0.33714
506.4,  -0.33542
506.5,  -0.33370
506.6,  -0.33199
506.7,  -0.33027
506.8,  -0.32856
506.9,  -0.32685
507.0,  -0.32514
507.1,  -0.32344
507.2,  -0.32174
507.3,  -0.32004
507.4,  -0.31834
507.5,  -0.31665
507.6,  -0.31496
507.7,  -0.31327
507.8,  -0.31158
507.9,  -0.30990
508.0,  -0.30822
508.1,  -0.30654
508.2,  -0.30487
508.3,  -0.30320
508.4,  -0.30153
508.5,  -0.29987
508.6,  -0.29821
508.7,  -0.29655
508.8,  -0.29489
508.9,  -0.29324
509.0,  -0.29159
509.1,  -0.28995
509.2,  -0.28831
509.3,  -0.28667
509.4,  -0.28503
509.5,  -0.28340
509.6,  -0.28178
509.7,  -0.28015
509.8,  -0.27853
509.9,  -0.27692
510.0,  -0.27530
510.1,  -0.27369
510.2,  -0.27209
510.3,  -0.27049
510.4,  -0.26889
510.5,  -0.26730
510.6,  -0.26571
510.7,  -0.26412
510.8,  -0.26254
510.9,  -0.26096
511.0,  -0.25939
511.1,  -0.25782
511.2,  -0.25625
511.3,  -0.25469
511.4,  -0.25313
511.5,  -0.25157
511.6,  -0.25002
511.7,  -0.24848
511.8,  -0.24693
511.9,  -0.24539
512.0,  -0.24386
512.1,  -0.24233
512.2,  -0.24080
512.3,  -0.23928
512.4,  -0.23776
512.5,  -0.23625
512.6,  -0.23473
512.7,  -0.23323
512.8,  -0.23173
512.9,  -0.23023
513.0,  -0.22873
513.1,  -0.22724
513.2,  -0.22576
513.3,  -0.22428
513.4,  -0.22280
513.5,  -0.22133
513.6,  -0.21986
513.7,  -0.21839
513.8,  -0.21693
513.9,  -0.21547
514.0,  -0.21402
514.1,  -0.21257
514.2,  -0.21113
514.3,  -0.20969
514.4,  -0.20826
514.5,  -0.20683
514.6,  -0.20540
514.7,  -0.20398
514.8,  -0.20256
514.9,  -0.20115
515.0,  -0.19974
515.1,  -0.19833
515.2,  -0.19693
515.3,  -0.19554
515.4,  -0.19415
515.5,  -0.19276
515.6,  -0.19138
515.7,  -0.19000
515.8,  -0.18863
515.9,  -0.18727
516.0,  -0.18591
516.1,  -0.18455
516.2,  -0.18321
516.3,  -0.18186
516.4,  -0.18052
516.5,  -0.17919
516.6,  -0.17787
516.7,  -0.17655
516.8,  -0.17523
516.9,  -0.17393
517.0,  -0.17263
517.1,  -0.17133
517.2,  -0.17005
517.3,  -0.16877
517.4,  -0.16749
517.5,  -0.16623
517.6,  -0.16497
517.7,  -0.16371
517.8,  -0.16247
517.9,  -0.16123
518.0,  -0.16000
518.1,  -0.15878
518.2,  -0.15757
518.3,  -0.15636
518.4,  -0.15516
518.5,  -0.15397
518.6,  -0.15279
518.7,  -0.15161
518.8,  -0.15045
518.9,  -0.14929
519.0,  -0.14814
519.1,  -0.14700
519.2,  -0.14587
519.3,  -0.14475
519.4,  -0.14364
519.5,  -0.14253
519.6,  -0.14144
519.7,  -0.14036
519.8,  -0.13928
519.9,  -0.13821
520.0,  -0.13716
520.1,  -0.13611
520.2,  -0.13507
520.3,  -0.13405
520.4,  -0.13303
520.5,  -0.13202
520.6,  -0.13102
520.7,  -0.13003
520.8,  -0.12905
520.9,  -0.12808
521.0,  -0.12711
521.1,  -0.12616
521.2,  -0.12521
521.3,  -0.12427
521.4,  -0.12334
521.5,  -0.12241
521.6,  -0.12150
521.7,  -0.12059
521.8,  -0.11969
521.9,  -0.11879
522.0,  -0.11791
522.1,  -0.11703
522.2,  -0.11616
522.3,  -0.11529
522.4,  -0.11443
522.5,  -0.11358
522.6,  -0.11273
522.7,  -0.11189
522.8,  -0.11106
522.9,  -0.11023
523.0,  -0.10941
523.1,  -0.10859
523.2,  -0.10778
523.3,  -0.10698
523.4,  -0.10618
523.5,  -0.10538
523.6,  -0.10459
523.7,  -0.10381
523.8,  -0.10303
523.9,  -0.10225
524.0,  -0.10148
524.1,  -0.10071
524.2,  -0.09995
524.3,  -0.09919
524.4,  -0.09843
524.5,  -0.09768
524.6,  -0.09693
524.7,  -0.09619
524.8,  -0.09545
524.9,  -0.09471
525.0,  -0.09398
525.1,  -0.09324
525.2,  -0.09252
525.3,  -0.09179
525.4,  -0.09107
525.5,  -0.09035
525.6,  -0.08963
525.7,  -0.08892
525.8,  -0.08821
525.9,  -0.08750
526.0,  -0.08679
526.1,  -0.08609
526.2,  -0.08540
526.3,  -0.08470
526.4,  -0.08401
526.5,  -0.08332
526.6,  -0.08264
526.7,  -0.08196
526.8,  -0.08128
526.9,  -0.08061
527.0,  -0.07994
527.1,  -0.07927
527.2,  -0.07861
527.3,  -0.07795
527.4,  -0.07730
527.5,  -0.07665
527.6,  -0.07600
527.7,  -0.07536
527.8,  -0.07472
527.9,  -0.07408
528.0,  -0.07345
528.1,  -0.07282
528.2,  -0.07220
528.3,  -0.07158
528.4,  -0.07096
528.5,  -0.07035
528.6,  -0.06975
528.7,  -0.06914
528.8,  -0.06854
528.9,  -0.06795
529.0,  -0.06736
529.1,  -0.06677
529.2,  -0.06619
529.3,  -0.06562
529.4,  -0.06505
529.5,  -0.06448
529.6,  -0.06391
529.7,  -0.06336
529.8,  -0.06280
529.9,  -0.06225
530.0,  -0.06171
530.1,  -0.06117
530.2,  -0.06063
530.3,  -0.06010
530.4,  -0.05958
530.5,  -0.05906
530.6,  -0.05854
530.7,  -0.05802
530.8,  -0.05751
530.9,  -0.05701
531.0,  -0.05651
531.1,  -0.05601
531.2,  -0.05551
531.3,  -0.05502
531.4,  -0.05453
531.5,  -0.05405
531.6,  -0.05356
531.7,  -0.05309
531.8,  -0.05261
531.9,  -0.05213
532.0,  -0.05166
532.1,  -0.05119
532.2,  -0.05073
532.3,  -0.05026
532.4,  -0.04980
532.5,  -0.04934
532.6,  -0.04888
532.7,  -0.04843
532.8,  -0.04797
532.9,  -0.04752
533.0,  -0.04706
533.1,  -0.04661
533.2,  -0.04616
533.3,  -0.04572
533.4,  -0.04527
533.5,  -0.04482
533.6,  -0.04437
533.7,  -0.04393
533.8,  -0.04348
533.9,  -0.04304
534.0,  -0.04259
534.1,  -0.04215
534.2,  -0.04171
534.3,  -0.04126
534.4,  -0.04082
534.5,  -0.04037
534.6,  -0.03993
534.7,  -0.03948
534.8,  -0.03903
534.9,  -0.03859
535.0,  -0.03814
535.1,  -0.03769
535.2,  -0.03724
535.3,  -0.03679
535.4,  -0.03633
535.5,  -0.03588
535.6,  -0.03543
535.7,  -0.03498
535.8,  -0.03452
535.9,  -0.03407
536.0,  -0.03362
536.1,  -0.03316
536.2,  -0.03271
536.3,  -0.03226
536.4,  -0.03181
536.5,  -0.03136
536.6,  -0.03091
536.7,  -0.03046
536.8,  -0.03001
536.9,  -0.02956
537.0,  -0.02912
537.1,  -0.02867
537.2,  -0.02823
537.3,  -0.02779
537.4,  -0.02735
537.5,  -0.02691
537.6,  -0.02648
537.7,  -0.02604
537.8,  -0.02561
537.9,  -0.02518
538.0,  -0.02476
538.1,  -0.02433
538.2,  -0.02391
538.3,  -0.02350
538.4,  -0.02308
538.5,  -0.02267
538.6,  -0.02226
538.7,  -0.02186
538.8,  -0.02146
538.9,  -0.02106
539.0,  -0.02066
539.1,  -0.02027
539.2,  -0.01989
539.3,  -0.01951
539.4,  -0.01913
539.5,  -0.01875
539.6,  -0.01839
539.7,  -0.01802
539.8,  -0.01766
539.9,  -0.01731
540.0,  -0.01696
540.1,  -0.01661
540.2,  -0.01627
540.3,  -0.01594
540.4,  -0.01561
540.5,  -0.01529
540.6,  -0.01497
540.7,  -0.01465
540.8,  -0.01434
540.9,  -0.01404
541.0,  -0.01374
541.1,  -0.01345
541.2,  -0.01316
541.3,  -0.01287
541.4,  -0.01259
541.5,  -0.01232
541.6,  -0.01205
541.7,  -0.01179
541.8,  -0.01153
541.9,  -0.01127
542.0,  -0.01102
542.1,  -0.01078
542.2,  -0.01054
542.3,  -0.01031
542.4,  -0.01008
542.5,  -0.00985
542.6,  -0.00963
542.7,  -0.00942
542.8,  -0.00921
542.9,  -0.00901
543.0,  -0.00881
543.1,  -0.00861
543.2,  -0.00842
543.3,  -0.00824
543.4,  -0.00806
543.5,  -0.00788
543.6,  -0.00771
543.7,  -0.00754
543.8,  -0.00738
543.9,  -0.00723
544.0,  -0.00708
544.1,  -0.00693
544.2,  -0.00679
544.3,  -0.00665
544.4,  -0.00652
544.5,  -0.00639
544.6,  -0.00627
544.7,  -0.00615
544.8,  -0.00604
544.9,  -0.00593
545.0,  -0.00583
545.1,  -0.00573
545.2,  -0.00563
545.3,  -0.00554
545.4,  -0.00546
545.5,  -0.00538
545.6,  -0.00530
545.7,  -0.00522
545.8,  -0.00515
545.9,  -0.00509
546.0,  -0.00503
546.1,  -0.00497
546.2,  -0.00491
546.3,  -0.00485
546.4,  -0.00480
546.5,  -0.00475
546.6,  -0.00471
546.7,  -0.00466
546.8,  -0.00462
546.9,  -0.00458
547.0,  -0.00455
547.1,  -0.00451
547.2,  -0.00447
547.3,  -0.00444
547.4,  -0.00441
547.5,  -0.00438
547.6,  -0.00435
547.7,  -0.00432
547.8,  -0.00429
547.9,  -0.00426
548.0,  -0.00423
548.1,  -0.00420
548.2,  -0.00417
548.3,  -0.00415
548.4,  -0.00412
548.5,  -0.00409
548.6,  -0.00406
548.7,  -0.00403
548.8,  -0.00399
548.9,  -0.00396
549.0,  -0.00393
549.1,  -0.00389
549.2,  -0.00385
549.3,  -0.00382
549.4,  -0.00377
549.5,  -0.00373
549.6,  -0.00369
549.7,  -0.00364
549.8,  -0.00359
549.9,  -0.00354
550.0,  -0.00348
550.1,  -0.00342
550.2,  -0.00336
550.3,  -0.00330
550.4,  -0.00323
550.5,  -0.00316
550.6,  -0.00309
550.7,  -0.00302
550.8,  -0.00294
550.9,  -0.00287
551.0,  -0.00279
551.1,  -0.00271
551.2,  -0.00263
551.3,  -0.00255
551.4,  -0.00246
551.5,  -0.00238
551.6,  -0.00229
551.7,  -0.00221
551.8,  -0.00212
551.9,  -0.00204
552.0,  -0.00195
552.1,  -0.00186
552.2,  -0.00178
552.3,  -0.00169
552.4,  -0.00161
552.5,  -0.00152
552.6,  -0.00144
552.7,  -0.00135
552.8,  -0.00127
552.9,  -0.00119
553.0,  -0.00111
553.1,  -0.00103
553.2,  -0.00096
553.3,  -0.00088
553.4,  -0.00081
553.5,  -0.00074
553.6,  -0.00067
553.7,  -0.00061
553.8,  -0.00054
553.9,  -0.00048
554.0,  -0.00043
554.1,  -0.00037
554.2,  -0.00032
554.3,  -0.00027
554.4,  -0.00023
554.5,  -0.00019
554.6,  -0.00015
554.7,  -0.00012
554.8,  -0.00009
554.9,  -0.00006
555.0,  -0.00004
555.1,  -0.00002
555.2,  -0.00001
555.3,   0.00000
555.4,   0.00000
555.5,   0.00000
555.6,   0.00000
555.7,  -0.00001
555.8,  -0.00002
555.9,  -0.00004
556.0,  -0.00006
556.1,  -0.00008
556.2,  -0.00011
556.3,  -0.00014
556.4,  -0.00017
556.5,  -0.00020
556.6,  -0.00024
556.7,  -0.00028
556.8,  -0.00033
556.9,  -0.00037
557.0,  -0.00042
557.1,  -0.00047
557.2,  -0.00053
557.3,  -0.00058
557.4,  -0.00064
557.5,  -0.00070
557.6,  -0.00076
557.7,  -0.00082
557.8,  -0.00089
557.9,  -0.00096
558.0,  -0.00102
558.1,  -0.00109
558.2,  -0.00116
558.3,  -0.00124
558.4,  -0.00131
558.5,  -0.00138
558.6,  -0.00146
558.7,  -0.00153
558.8,  -0.00161
558.9,  -0.00168
559.0,  -0.00176
559.1,  -0.00184
559.2,  -0.00191
559.3,  -0.00199
559.4,  -0.00207
559.5,  -0.00215
559.6,  -0.00222
559.7,  -0.00230
559.8,  -0.00238
559.9,  -0.00245
560.0,  -0.00253
560.1,  -0.00260
560.2,  -0.00268
560.3,  -0.00275
560.4,  -0.00282
560.5,  -0.00289
560.6,  -0.00297
560.7,  -0.00304
560.8,  -0.00311
560.9,  -0.00318
561.0,  -0.00325
561.1,  -0.00332
561.2,  -0.00339
561.3,  -0.00347
561.4,  -0.00354
561.5,  -0.00361
561.6,  -0.00368
561.7,  -0.00375
561.8,  -0.00383
561.9,  -0.00390
562.0,  -0.00397
562.1,  -0.00405
562.2,  -0.00412
562.3,  -0.00420
562.4,  -0.00428
562.5,  -0.00435
562.6,  -0.00443
562.7,  -0.00451
562.8,  -0.00459
562.9,  -0.00468
563.0,  -0.00476
563.1,  -0.00484
563.2,  -0.00493
563.3,  -0.00502
563.4,  -0.00511
563.5,  -0.00520
563.6,  -0.00529
563.7,  -0.00538
563.8,  -0.00548
563.9,  -0.00558
564.0,  -0.00568
564.1,  -0.00578
564.2,  -0.00588
564.3,  -0.00599
564.4,  -0.00610
564.5,  -0.00621
564.6,  -0.00632
564.7,  -0.00643
564.8,  -0.00655
564.9,  -0.00667
565.0,  -0.00679
565.1,  -0.00692
565.2,  -0.00705
565.3,  -0.00718
565.4,  -0.00731
565.5,  -0.00744
565.6,  -0.00758
565.7,  -0.00772
565.8,  -0.00787
565.9,  -0.00801
566.0,  -0.00816
566.1,  -0.00831
566.2,  -0.00846
566.3,  -0.00862
566.4,  -0.00878
566.5,  -0.00894
566.6,  -0.00910
566.7,  -0.00926
566.8,  -0.00943
566.9,  -0.00960
567.0,  -0.00978
567.1,  -0.00995
567.2,  -0.01013
567.3,  -0.01031
567.4,  -0.01049
567.5,  -0.01067
567.6,  -0.01086
567.7,  -0.01105
567.8,  -0.01124
567.9,  -0.01143
568.0,  -0.01163
568.1,  -0.01182
568.2,  -0.01202
568.3,  -0.01223
568.4,  -0.01243
568.5,  -0.01264
568.6,  -0.01285
568.7,  -0.01306
568.8,  -0.01327
568.9,  -0.01348
569.0,  -0.01370
569.1,  -0.01392
569.2,  -0.01414
569.3,  -0.01437
569.4,  -0.01459
569.5,  -0.01482
569.6,  -0.01505
569.7,  -0.01528
569.8,  -0.01551
569.9,  -0.01575
570.0,  -0.01599
570.1,  -0.01623
570.2,  -0.01647
570.3,  -0.01671
570.4,  -0.01696
570.5,  -0.01721
570.6,  -0.01746
570.7,  -0.01771
570.8,  -0.01796
570.9,  -0.01822
571.0,  -0.01848
571.1,  -0.01875
571.2,  -0.01901
571.3,  -0.01928
571.4,  -0.01955
571.5,  -0.01983
571.6,  -0.02010
571.7,  -0.02039
571.8,  -0.02067
571.9,  -0.02096
572.0,  -0.02125
572.1,  -0.02154
572.2,  -0.02184
572.3,  -0.02214
572.4,  -0.02244
572.5,  -0.02275
572.6,  -0.02306
572.7,  -0.02337
572.8,  -0.02369
572.9,  -0.02401
573.0,  -0.02434
573.1,  -0.02467
573.2,  -0.02501
573.3,  -0.02535
573.4,  -0.02569
573.5,  -0.02604
573.6,  -0.02639
573.7,  -0.02674
573.8,  -0.02710
573.9,  -0.02747
574.0,  -0.02784
574.1,  -0.02821
574.2,  -0.02859
574.3,  -0.02897
574.4,  -0.02936
574.5,  -0.02976
574.6,  -0.03015
574.7,  -0.03056
574.8,  -0.03097
574.9,  -0.03138
575.0,  -0.03180
575.1,  -0.03222
575.2,  -0.03265
575.3,  -0.03309
575.4,  -0.03353
575.5,  -0.03397
575.6,  -0.03442
575.7,  -0.03487
575.8,  -0.03533
575.9,  -0.03579
576.0,  -0.03625
576.1,  -0.03672
576.2,  -0.03719
576.3,  -0.03767
576.4,  -0.03814
576.5,  -0.03862
576.6,  -0.03910
576.7,  -0.03959
576.8,  -0.04008
576.9,  -0.04056
577.0,  -0.04105
577.1,  -0.04155
577.2,  -0.04204
577.3,  -0.04253
577.4,  -0.04303
577.5,  -0.04353
577.6,  -0.04402
577.7,  -0.04452
577.8,  -0.04502
577.9,  -0.04552
578.0,  -0.04601
578.1,  -0.04651
578.2,  -0.04701
578.3,  -0.04751
578.4,  -0.04800
578.5,  -0.04850
578.6,  -0.04899
578.7,  -0.04948
578.8,  -0.04997
578.9,  -0.05046
579.0,  -0.05095
579.1,  -0.05143
579.2,  -0.05191
579.3,  -0.05239
579.4,  -0.05287
579.5,  -0.05334
579.6,  -0.05382
579.7,  -0.05428
579.8,  -0.05475
579.9,  -0.05521
580.0,  -0.05567
580.1,  -0.05612
580.2,  -0.05657
580.3,  -0.05701
580.4,  -0.05745
580.5,  -0.05789
580.6,  -0.05833
580.7,  -0.05876
580.8,  -0.05919
580.9,  -0.05961
581.0,  -0.06004
581.1,  -0.06046
581.2,  -0.06088
581.3,  -0.06129
581.4,  -0.06171
581.5,  -0.06212
581.6,  -0.06253
581.7,  -0.06294
581.8,  -0.06335
581.9,  -0.06375
582.0,  -0.06416
582.1,  -0.06456
582.2,  -0.06497
582.3,  -0.06537
582.4,  -0.06577
582.5,  -0.06618
582.6,  -0.06658
582.7,  -0.06698
582.8,  -0.06738
582.9,  -0.06779
583.0,  -0.06819
583.1,  -0.06859
583.2,  -0.06900
583.3,  -0.06940
583.4,  -0.06981
583.5,  -0.07022
583.6,  -0.07063
583.7,  -0.07104
583.8,  -0.07145
583.9,  -0.07186
584.0,  -0.07228
584.1,  -0.07270
584.2,  -0.07312
584.3,  -0.07354
584.4,  -0.07397
584.5,  -0.07440
584.6,  -0.07483
584.7,  -0.07526
584.8,  -0.07570
584.9,  -0.07614
585.0,  -0.07659
585.1,  -0.07704
585.2,  -0.07749
585.3,  -0.07795
585.4,  -0.07841
585.5,  -0.07887
585.6,  -0.07934
585.7,  -0.07981
585.8,  -0.08029
585.9,  -0.08077
586.0,  -0.08125
586.1,  -0.08174
586.2,  -0.08223
586.3,  -0.08272
586.4,  -0.08322
586.5,  -0.08372
586.6,  -0.08423
586.7,  -0.08473
586.8,  -0.08524
586.9,  -0.08576
587.0,  -0.08628
587.1,  -0.08680
587.2,  -0.08732
587.3,  -0.08785
587.4,  -0.08839
587.5,  -0.08892
587.6,  -0.08946
587.7,  -0.09000
587.8,  -0.09055
587.9,  -0.09110
588.0,  -0.09165
588.1,  -0.09220
588.2,  -0.09276
588.3,  -0.09332
588.4,  -0.09389
588.5,  -0.09445
588.6,  -0.09502
588.7,  -0.09560
588.8,  -0.09618
588.9,  -0.09676
589.0,  -0.09734
589.1,  -0.09793
589.2,  -0.09851
589.3,  -0.09911
589.4,  -0.09970
589.5,  -0.10030
589.6,  -0.10090
589.7,  -0.10150
589.8,  -0.10211
589.9,  -0.10272
590.0,  -0.10333
590.1,  -0.10395
590.2,  -0.10457
590.3,  -0.10519
590.4,  -0.10581
590.5,  -0.10643
590.6,  -0.10706
590.7,  -0.10770
590.8,  -0.10833
590.9,  -0.10897
591.0,  -0.10961
591.1,  -0.11025
591.2,  -0.11089
591.3,  -0.11154
591.4,  -0.11219
591.5,  -0.11284
591.6,  -0.11350
591.7,  -0.11416
591.8,  -0.11482
591.9,  -0.11548
592.0,  -0.11615
592.1,  -0.11682
592.2,  -0.11749
592.3,  -0.11816
592.4,  -0.11884
592.5,  -0.11952
592.6,  -0.12020
592.7,  -0.12089
592.8,  -0.12157
592.9,  -0.12226
593.0,  -0.12295
593.1,  -0.12365
593.2,  -0.12435
593.3,  -0.12505
593.4,  -0.12575
593.5,  -0.12645
593.6,  -0.12716
593.7,  -0.12787
593.8,  -0.12858
593.9,  -0.12930
594.0,  -0.13002
594.1,  -0.13074
594.2,  -0.13146
594.3,  -0.13219
594.4,  -0.13291
594.5,  -0.13364
594.6,  -0.13438
594.7,  -0.13511
594.8,  -0.13585
594.9,  -0.13659
595.0,  -0.13733
595.1,  -0.13808
595.2,  -0.13883
595.3,  -0.13958
595.4,  -0.14033
595.5,  -0.14109
595.6,  -0.14184
595.7,  -0.14260
595.8,  -0.14336
595.9,  -0.14413
596.0,  -0.14490
596.1,  -0.14567
596.2,  -0.14644
596.3,  -0.14721
596.4,  -0.14799
596.5,  -0.14877
596.6,  -0.14955
596.7,  -0.15033
596.8,  -0.15111
596.9,  -0.15190
597.0,  -0.15269
597.1,  -0.15348
597.2,  -0.15428
597.3,  -0.15507
597.4,  -0.15587
597.5,  -0.15667
597.6,  -0.15747
597.7,  -0.15827
597.8,  -0.15908
597.9,  -0.15989
598.0,  -0.16070
598.1,  -0.16151
598.2,  -0.16232
598.3,  -0.16314
598.4,  -0.16396
598.5,  -0.16478
598.6,  -0.16560
598.7,  -0.16642
598.8,  -0.16725
598.9,  -0.16807
599.0,  -0.16890
599.1,  -0.16973
599.2,  -0.17057
599.3,  -0.17140
599.4,  -0.17223
599.5,  -0.17307
599.6,  -0.17391
599.7,  -0.17475
599.8,  -0.17559
599.9,  -0.17644
600.0,  -0.17728
600.1,  -0.17813
600.2,  -0.17898
600.3,  -0.17983
600.4,  -0.18068
600.5,  -0.18154
600.6,  -0.18239
600.7,  -0.18325
600.8,  -0.18411
600.9,  -0.18497
601.0,  -0.18583
601.1,  -0.18670
601.2,  -0.18756
601.3,  -0.18843
601.4,  -0.18930
601.5,  -0.19018
601.6,  -0.19105
601.7,  -0.19193
601.8,  -0.19281
601.9,  -0.19369
602.0,  -0.19457
602.1,  -0.19546
602.2,  -0.19635
602.3,  -0.19724
602.4,  -0.19813
602.5,  -0.19903
602.6,  -0.19993
602.7,  -0.20083
602.8,  -0.20173
602.9,  -0.20264
603.0,  -0.20354
603.1,  -0.20446
603.2,  -0.20537
603.3,  -0.20629
603.4,  -0.20721
603.5,  -0.20813
603.6,  -0.20905
603.7,  -0.20998
603.8,  -0.21091
603.9,  -0.21185
604.0,  -0.21278
604.1,  -0.21372
604.2,  -0.21467
604.3,  -0.21561
604.4,  -0.21656
604.5,  -0.21752
604.6,  -0.21847
604.7,  -0.21943
604.8,  -0.22039
604.9,  -0.22136
605.0,  -0.22233
605.1,  -0.22330
605.2,  -0.22428
605.3,  -0.22526
605.4,  -0.22624
605.5,  -0.22723
605.6,  -0.22822
605.7,  -0.22921
605.8,  -0.23021
605.9,  -0.23121
606.0,  -0.23221
606.1,  -0.23322
606.2,  -0.23423
606.3,  -0.23524
606.4,  -0.23626
606.5,  -0.23728
606.6,  -0.23830
606.7,  -0.23933
606.8,  -0.24036
606.9,  -0.24139
607.0,  -0.24242
607.1,  -0.24346
607.2,  -0.24450
607.3,  -0.24555
607.4,  -0.24659
607.5,  -0.24764
607.6,  -0.24869
607.7,  -0.24975
607.8,  -0.25081
607.9,  -0.25187
608.0,  -0.25293
608.1,  -0.25400
608.2,  -0.25507
608.3,  -0.25614
608.4,  -0.25722
608.5,  -0.25829
608.6,  -0.25937
608.7,  -0.26046
608.8,  -0.26154
608.9,  -0.26263
609.0,  -0.26372
609.1,  -0.26481
609.2,  -0.26591
609.3,  -0.26701
609.4,  -0.26811
609.5,  -0.26921
609.6,  -0.27031
609.7,  -0.27142
609.8,  -0.27253
609.9,  -0.27364
610.0,  -0.27476
610.1,  -0.27587
610.2,  -0.27699
610.3,  -0.27811
610.4,  -0.27924
610.5,  -0.28036
610.6,  -0.28149
610.7,  -0.28262
610.8,  -0.28376
610.9,  -0.28489
611.0,  -0.28603
611.1,  -0.28717
611.2,  -0.28831
611.3,  -0.28946
611.4,  -0.29061
611.5,  -0.29176
611.6,  -0.29291
611.7,  -0.29406
611.8,  -0.29522
611.9,  -0.29638
612.0,  -0.29755
612.1,  -0.29871
612.2,  -0.29988
612.3,  -0.30105
612.4,  -0.30222
612.5,  -0.30340
612.6,  -0.30458
612.7,  -0.30576
612.8,  -0.30694
612.9,  -0.30813
613.0,  -0.30932
613.1,  -0.31051
613.2,  -0.31170
613.3,  -0.31290
613.4,  -0.31410
613.5,  -0.31531
613.6,  -0.31651
613.7,  -0.31772
613.8,  -0.31893
613.9,  -0.32015
614.0,  -0.32136
614.1,  -0.32258
614.2,  -0.32381
614.3,  -0.32503
614.4,  -0.32626
614.5,  -0.32749
614.6,  -0.32873
614.7,  -0.32997
614.8,  -0.33121
614.9,  -0.33245
615.0,  -0.33370
615.1,  -0.33495
615.2,  -0.33620
615.3,  -0.33745
615.4,  -0.33871
615.5,  -0.33997
615.6,  -0.34124
615.7,  -0.34250
615.8,  -0.34377
615.9,  -0.34505
616.0,  -0.34632
616.1,  -0.34760
616.2,  -0.34888
616.3,  -0.35016
616.4,  -0.35145
616.5,  -0.35273
616.6,  -0.35402
616.7,  -0.35531
616.8,  -0.35661
616.9,  -0.35790
617.0,  -0.35920
617.1,  -0.36050
617.2,  -0.36180
617.3,  -0.36311
617.4,  -0.36441
617.5,  -0.36572
617.6,  -0.36703
617.7,  -0.36834
617.8,  -0.36965
617.9,  -0.37097
618.0,  -0.37228
618.1,  -0.37360
618.2,  -0.37492
618.3,  -0.37624
618.4,  -0.37756
618.5,  -0.37889
618.6,  -0.38021
618.7,  -0.38154
618.8,  -0.38287
618.9,  -0.38419
619.0,  -0.38552
619.1,  -0.38685
619.2,  -0.38818
619.3,  -0.38952
619.4,  -0.39085
619.5,  -0.39218
619.6,  -0.39352
619.7,  -0.39485
619.8,  -0.39619
619.9,  -0.39753
620.0,  -0.39886
620.1,  -0.40020
620.2,  -0.40154
620.3,  -0.40288
620.4,  -0.40422
620.5,  -0.40556
620.6,  -0.40690
620.7,  -0.40825
620.8,  -0.40959
620.9,  -0.41094
621.0,  -0.41229
621.1,  -0.41364
621.2,  -0.41499
621.3,  -0.41635
621.4,  -0.41770
621.5,  -0.41906
621.6,  -0.42043
621.7,  -0.42179
621.8,  -0.42316
621.9,  -0.42453
622.0,  -0.42590
622.1,  -0.42728
622.2,  -0.42866
622.3,  -0.43004
622.4,  -0.43143
622.5,  -0.43282
622.6,  -0.43422
622.7,  -0.43562
622.8,  -0.43702
622.9,  -0.43843
623.0,  -0.43984
623.1,  -0.44126
623.2,  -0.44268
623.3,  -0.44411
623.4,  -0.44554
623.5,  -0.44698
623.6,  -0.44842
623.7,  -0.44987
623.8,  -0.45132
623.9,  -0.45278
624.0,  -0.45425
624.1,  -0.45572
624.2,  -0.45720
624.3,  -0.45868
624.4,  -0.46017
624.5,  -0.46167
624.6,  -0.46317
624.7,  -0.46469
624.8,  -0.46620
624.9,  -0.46773
625.0,  -0.46926
625.1,  -0.47080
625.2,  -0.47235
625.3,  -0.47391
625.4,  -0.47547
625.5,  -0.47704
625.6,  -0.47862
625.7,  -0.48020
625.8,  -0.48179
625.9,  -0.48339
626.0,  -0.48499
626.1,  -0.48660
626.2,  -0.48822
626.3,  -0.48984
626.4,  -0.49147
626.5,  -0.49311
626.6,  -0.49475
626.7,  -0.49640
626.8,  -0.49805
626.9,  -0.49971
627.0,  -0.50138
627.1,  -0.50305
627.2,  -0.50472
627.3,  -0.50640
627.4,  -0.50809
627.5,  -0.50978
627.6,  -0.51148
627.7,  -0.51318
627.8,  -0.51489
627.9,  -0.51660
628.0,  -0.51831
628.1,  -0.52004
628.2,  -0.52176
628.3,  -0.52349
628.4,  -0.52522
628.5,  -0.52696
628.6,  -0.52870
628.7,  -0.53045
628.8,  -0.53220
628.9,  -0.53395
629.0,  -0.53571
629.1,  -0.53747
629.2,  -0.53923
629.3,  -0.54100
629.4,  -0.54277
629.5,  -0.54454
629.6,  -0.54631
629.7,  -0.54809
629.8,  -0.54987
629.9,  -0.55166
630.0,  -0.55345
630.1,  -0.55523
630.2,  -0.55703
630.3,  -0.55882
630.4,  -0.56062
630.5,  -0.56241
630.6,  -0.56422
630.7,  -0.56602
630.8,  -0.56782
630.9,  -0.56963
631.0,  -0.57144
631.1,  -0.57325
631.2,  -0.57507
631.3,  -0.57689
631.4,  -0.57870
631.5,  -0.58053
631.6,  -0.58235
631.7,  -0.58417
631.8,  -0.58600
631.9,  -0.58783
632.0,  -0.58966
632.1,  -0.59150
632.2,  -0.59333
632.3,  -0.59517
632.4,  -0.59701
632.5,  -0.59885
632.6,  -0.60069
632.7,  -0.60254
632.8,  -0.60439
632.9,  -0.60624
633.0,  -0.60809
633.1,  -0.60994
633.2,  -0.61179
633.3,  -0.61365
633.4,  -0.61551
633.5,  -0.61737
633.6,  -0.61923
633.7,  -0.62109
633.8,  -0.62296
633.9,  -0.62483
634.0,  -0.62670
634.1,  -0.62857
634.2,  -0.63044
634.3,  -0.63231
634.4,  -0.63419
634.5,  -0.63606
634.6,  -0.63794
634.7,  -0.63982
634.8,  -0.64170
634.9,  -0.64358
635.0,  -0.64547
635.1,  -0.64735
635.2,  -0.64924
635.3,  -0.65113
635.4,  -0.65302
635.5,  -0.65491
635.6,  -0.65680
635.7,  -0.65870
635.8,  -0.66059
635.9,  -0.66249
636.0,  -0.66439
636.1,  -0.66629
636.2,  -0.66819
636.3,  -0.67009
636.4,  -0.67199
636.5,  -0.67389
636.6,  -0.67580
636.7,  -0.67770
636.8,  -0.67961
636.9,  -0.68152
637.0,  -0.68343
637.1,  -0.68534
637.2,  -0.68725
637.3,  -0.68916
637.4,  -0.69108
637.5,  -0.69299
637.6,  -0.69491
637.7,  -0.69682
637.8,  -0.69874
637.9,  -0.70066
638.0,  -0.70258
638.1,  -0.70450
638.2,  -0.70642
638.3,  -0.70834
638.4,  -0.71026
638.5,  -0.71218
638.6,  -0.71410
638.7,  -0.71603
638.8,  -0.71795
638.9,  -0.71988
639.0,  -0.72180
639.1,  -0.72373
639.2,  -0.72566
639.3,  -0.72759
639.4,  -0.72951
639.5,  -0.73144
639.6,  -0.73337
639.7,  -0.73530
639.8,  -0.73723
639.9,  -0.73916
640.0,  -0.74109
640.1,  -0.74302
640.2,  -0.74495
640.3,  -0.74689
640.4,  -0.74882
640.5,  -0.75075
640.6,  -0.75269
640.7,  -0.75462
640.8,  -0.75656
640.9,  -0.75850
641.0,  -0.76044
641.1,  -0.76238
641.2,  -0.76432
641.3,  -0.76627
641.4,  -0.76821
641.5,  -0.77016
641.6,  -0.77211
641.7,  -0.77407
641.8,  -0.77603
641.9,  -0.77798
642.0,  -0.77995
642.1,  -0.78191
642.2,  -0.78388
642.3,  -0.78585
642.4,  -0.78783
642.5,  -0.78980
642.6,  -0.79179
642.7,  -0.79377
642.8,  -0.79576
642.9,  -0.79775
643.0,  -0.79975
643.1,  -0.80175
643.2,  -0.80376
643.3,  -0.80577
643.4,  -0.80779
643.5,  -0.80981
643.6,  -0.81183
643.7,  -0.81386
643.8,  -0.81590
643.9,  -0.81794
644.0,  -0.81999
644.1,  -0.82204
644.2,  -0.82410
644.3,  -0.82617
644.4,  -0.82824
644.5,  -0.83031
644.6,  -0.83240
644.7,  -0.83449
644.8,  -0.83658
644.9,  -0.83869
645.0,  -0.84080
645.1,  -0.84292
645.2,  -0.84504
645.3,  -0.84717
645.4,  -0.84931
645.5,  -0.85146
645.6,  -0.85361
645.7,  -0.85577
645.8,  -0.85793
645.9,  -0.86011
646.0,  -0.86229
646.1,  -0.86447
646.2,  -0.86666
646.3,  -0.86886
646.4,  -0.87107
646.5,  -0.87328
646.6,  -0.87550
646.7,  -0.87772
646.8,  -0.87995
646.9,  -0.88219
647.0,  -0.88443
647.1,  -0.88668
647.2,  -0.88893
647.3,  -0.89119
647.4,  -0.89345
647.5,  -0.89573
647.6,  -0.89800
647.7,  -0.90028
647.8,  -0.90257
647.9,  -0.90486
648.0,  -0.90716
648.1,  -0.90947
648.2,  -0.91178
648.3,  -0.91409
648.4,  -0.91641
648.5,  -0.91873
648.6,  -0.92106
648.7,  -0.92340
648.8,  -0.92574
648.9,  -0.92808
649.0,  -0.93043
649.1,  -0.93278
649.2,  -0.93514
649.3,  -0.93750
649.4,  -0.93987
649.5,  -0.94224
649.6,  -0.94462
649.7,  -0.94700
649.8,  -0.94938
649.9,  -0.95177
650.0,  -0.95416
650.1,  -0.95656
650.2,  -0.95896
650.3,  -0.96136
650.4,  -0.96377
650.5,  -0.96618
650.6,  -0.96860
650.7,  -0.97102
650.8,  -0.97344
650.9,  -0.97587
651.0,  -0.97830
651.1,  -0.98073
651.2,  -0.98317
651.3,  -0.98561
651.4,  -0.98805
651.5,  -0.99050
651.6,  -0.99295
651.7,  -0.99541
651.8,  -0.99786
651.9,  -1.00033
652.0,  -1.00279
652.1,  -1.00526
652.2,  -1.00773
652.3,  -1.01020
652.4,  -1.01268
652.5,  -1.01516
652.6,  -1.01764
652.7,  -1.02012
652.8,  -1.02261
652.9,  -1.02510
653.0,  -1.02760
653.1,  -1.03009
653.2,  -1.03259
653.3,  -1.03509
653.4,  -1.03760
653.5,  -1.04010
653.6,  -1.04261
653.7,  -1.04513
653.8,  -1.04764
653.9,  -1.05016
654.0,  -1.05268
654.1,  -1.05520
654.2,  -1.05772
654.3,  -1.06025
654.4,  -1.06277
654.5,  -1.06530
654.6,  -1.06784
654.7,  -1.07037
654.8,  -1.07291
654.9,  -1.07544
655.0,  -1.07798
655.1,  -1.08053
655.2,  -1.08307
655.3,  -1.08561
655.4,  -1.08816
655.5,  -1.09071
655.6,  -1.09326
655.7,  -1.09581
655.8,  -1.09837
655.9,  -1.10093
656.0,  -1.10349
656.1,  -1.10605
656.2,  -1.10861
656.3,  -1.11117
656.4,  -1.11374
656.5,  -1.11631
656.6,  -1.11888
656.7,  -1.12145
656.8,  -1.12402
656.9,  -1.12660
657.0,  -1.12918
657.1,  -1.13176
657.2,  -1.13434
657.3,  -1.13692
657.4,  -1.13951
657.5,  -1.14210
657.6,  -1.14468
657.7,  -1.14728
657.8,  -1.14987
657.9,  -1.15246
658.0,  -1.15506
658.1,  -1.15766
658.2,  -1.16026
658.3,  -1.16287
658.4,  -1.16547
658.5,  -1.16808
658.6,  -1.17069
658.7,  -1.17330
658.8,  -1.17591
658.9,  -1.17853
659.0,  -1.18114
659.1,  -1.18376
659.2,  -1.18639
659.3,  -1.18901
659.4,  -1.19163
659.5,  -1.19426
659.6,  -1.19689
659.7,  -1.19952
659.8,  -1.20216
659.9,  -1.20479
660.0,  -1.20743
660.1,  -1.21007
660.2,  -1.21271
660.3,  -1.21535
660.4,  -1.21800
660.5,  -1.22065
660.6,  -1.22330
660.7,  -1.22595
660.8,  -1.22860
660.9,  -1.23126
661.0,  -1.23392
661.1,  -1.23658
661.2,  -1.23924
661.3,  -1.24190
661.4,  -1.24457
661.5,  -1.24723
661.6,  -1.24990
661.7,  -1.25257
661.8,  -1.25525
661.9,  -1.25792
662.0,  -1.26060
662.1,  -1.26328
662.2,  -1.26596
662.3,  -1.26864
662.4,  -1.27133
662.5,  -1.27401
662.6,  -1.27670
662.7,  -1.27939
662.8,  -1.28209
662.9,  -1.28478
663.0,  -1.28748
663.1,  -1.29017
663.2,  -1.29287
663.3,  -1.29557
663.4,  -1.29828
663.5,  -1.30098
663.6,  -1.30369
663.7,  -1.30640
663.8,  -1.30911
663.9,  -1.31182
664.0,  -1.31453
664.1,  -1.31725
664.2,  -1.31996
664.3,  -1.32268
664.4,  -1.32540
664.5,  -1.32813
664.6,  -1.33085
664.7,  -1.33358
664.8,  -1.33630
664.9,  -1.33903
665.0,  -1.34176
665.1,  -1.34450
665.2,  -1.34723
665.3,  -1.34997
665.4,  -1.35271
665.5,  -1.35544
665.6,  -1.35819
665.7,  -1.36093
665.8,  -1.36367
665.9,  -1.36642
666.0,  -1.36917
666.1,  -1.37192
666.2,  -1.37467
666.3,  -1.37742
666.4,  -1.38018
666.5,  -1.38294
666.6,  -1.38570
666.7,  -1.38846
666.8,  -1.39122
666.9,  -1.39398
667.0,  -1.39675
667.1,  -1.39952
667.2,  -1.40229
667.3,  -1.40506
667.4,  -1.40784
667.5,  -1.41061
667.6,  -1.41339
667.7,  -1.41617
667.8,  -1.41895
667.9,  -1.42174
668.0,  -1.42452
668.1,  -1.42731
668.2,  -1.43010
668.3,  -1.43289
668.4,  -1.43569
668.5,  -1.43848
668.6,  -1.44128
668.7,  -1.44408
668.8,  -1.44689
668.9,  -1.44969
669.0,  -1.45250
669.1,  -1.45531
669.2,  -1.45812
669.3,  -1.46093
669.4,  -1.46374
669.5,  -1.46656
669.6,  -1.46938
669.7,  -1.47220
669.8,  -1.47502
669.9,  -1.47785
670.0,  -1.48068
670.1,  -1.48351
670.2,  -1.48634
670.3,  -1.48918
670.4,  -1.49201
670.5,  -1.49485
670.6,  -1.49769
670.7,  -1.50054
670.8,  -1.50338
670.9,  -1.50623
671.0,  -1.50908
671.1,  -1.51193
671.2,  -1.51479
671.3,  -1.51764
671.4,  -1.52050
671.5,  -1.52336
671.6,  -1.52623
671.7,  -1.52909
671.8,  -1.53196
671.9,  -1.53483
672.0,  -1.53771
672.1,  -1.54058
672.2,  -1.54346
672.3,  -1.54634
672.4,  -1.54922
672.5,  -1.55211
672.6,  -1.55499
672.7,  -1.55788
672.8,  -1.56078
672.9,  -1.56367
673.0,  -1.56657
673.1,  -1.56946
673.2,  -1.57237
673.3,  -1.57527
673.4,  -1.57818
673.5,  -1.58108
673.6,  -1.58400
673.7,  -1.58691
673.8,  -1.58982
673.9,  -1.59274
674.0,  -1.59566
674.1,  -1.59859
674.2,  -1.60151
674.3,  -1.60444
674.4,  -1.60737
674.5,  -1.61030
674.6,  -1.61324
674.7,  -1.61618
674.8,  -1.61912
674.9,  -1.62206
675.0,  -1.62500
675.1,  -1.62795
675.2,  -1.63090
675.3,  -1.63386
675.4,  -1.63681
675.5,  -1.63977
675.6,  -1.64273
675.7,  -1.64569
675.8,  -1.64866
675.9,  -1.65162
676.0,  -1.65459
676.1,  -1.65757
676.2,  -1.66054
676.3,  -1.66352
676.4,  -1.66650
676.5,  -1.66948
676.6,  -1.67246
676.7,  -1.67545
676.8,  -1.67844
676.9,  -1.68143
677.0,  -1.68442
677.1,  -1.68741
677.2,  -1.69041
677.3,  -1.69341
677.4,  -1.69641
677.5,  -1.69942
677.6,  -1.70242
677.7,  -1.70543
677.8,  -1.70844
677.9,  -1.71145
678.0,  -1.71447
678.1,  -1.71748
678.2,  -1.72050
678.3,  -1.72352
678.4,  -1.72655
678.5,  -1.72957
678.6,  -1.73260
678.7,  -1.73563
678.8,  -1.73866
678.9,  -1.74169
679.0,  -1.74472
679.1,  -1.74776
679.2,  -1.75080
679.3,  -1.75384
679.4,  -1.75688
679.5,  -1.75993
679.6,  -1.76297
679.7,  -1.76602
679.8,  -1.76907
679.9,  -1.77212
680.0,  -1.77518
680.1,  -1.77823
680.2,  -1.78129
680.3,  -1.78435
680.4,  -1.78741
680.5,  -1.79047
680.6,  -1.79354
680.7,  -1.79661
680.8,  -1.79968
680.9,  -1.80275
681.0,  -1.80582
681.1,  -1.80890
681.2,  -1.81198
681.3,  -1.81506
681.4,  -1.81815
681.5,  -1.82123
681.6,  -1.82432
681.7,  -1.82742
681.8,  -1.83051
681.9,  -1.83361
682.0,  -1.83671
682.1,  -1.83982
682.2,  -1.84293
682.3,  -1.84604
682.4,  -1.84915
682.5,  -1.85227
682.6,  -1.85539
682.7,  -1.85852
682.8,  -1.86165
682.9,  -1.86478
683.0,  -1.86792
683.1,  -1.87106
683.2,  -1.87420
683.3,  -1.87735
683.4,  -1.88050
683.5,  -1.88365
683.6,  -1.88681
683.7,  -1.88998
683.8,  -1.89315
683.9,  -1.89632
684.0,  -1.89949
684.1,  -1.90268
684.2,  -1.90586
684.3,  -1.90905
684.4,  -1.91225
684.5,  -1.91544
684.6,  -1.91865
684.7,  -1.92186
684.8,  -1.92507
684.9,  -1.92829
685.0,  -1.93151
685.1,  -1.93474
685.2,  -1.93797
685.3,  -1.94121
685.4,  -1.94445
685.5,  -1.94770
685.6,  -1.95095
685.7,  -1.95421
685.8,  -1.95746
685.9,  -1.96073
686.0,  -1.96399
686.1,  -1.96726
686.2,  -1.97053
686.3,  -1.97380
686.4,  -1.97708
686.5,  -1.98036
686.6,  -1.98364
686.7,  -1.98692
686.8,  -1.99020
686.9,  -1.99348
687.0,  -1.99677
687.1,  -2.00006
687.2,  -2.00334
687.3,  -2.00663
687.4,  -2.00992
687.5,  -2.01321
687.6,  -2.01650
687.7,  -2.01979
687.8,  -2.02307
687.9,  -2.02636
688.0,  -2.02965
688.1,  -2.03293
688.2,  -2.03622
688.3,  -2.03950
688.4,  -2.04278
688.5,  -2.04606
688.6,  -2.04934
688.7,  -2.05261
688.8,  -2.05588
688.9,  -2.05915
689.0,  -2.06242
689.1,  -2.06568
689.2,  -2.06894
689.3,  -2.07220
689.4,  -2.07545
689.5,  -2.07870
689.6,  -2.08195
689.7,  -2.08519
689.8,  -2.08842
689.9,  -2.09166
690.0,  -2.09488
690.1,  -2.09810
690.2,  -2.10132
690.3,  -2.10453
690.4,  -2.10774
690.5,  -2.11094
690.6,  -2.11414
690.7,  -2.11733
690.8,  -2.12052
690.9,  -2.12371
691.0,  -2.12689
691.1,  -2.13007
691.2,  -2.13324
691.3,  -2.13641
691.4,  -2.13958
691.5,  -2.14274
691.6,  -2.14590
691.7,  -2.14906
691.8,  -2.15221
691.9,  -2.15536
692.0,  -2.15851
692.1,  -2.16166
692.2,  -2.16480
692.3,  -2.16794
692.4,  -2.17108
692.5,  -2.17422
692.6,  -2.17735
692.7,  -2.18048
692.8,  -2.18362
692.9,  -2.18675
693.0,  -2.18987
693.1,  -2.19300
693.2,  -2.19613
693.3,  -2.19925
693.4,  -2.20238
693.5,  -2.20550
693.6,  -2.20862
693.7,  -2.21175
693.8,  -2.21487
693.9,  -2.21799
694.0,  -2.22111
694.1,  -2.22423
694.2,  -2.22735
694.3,  -2.23047
694.4,  -2.23360
694.5,  -2.23672
694.6,  -2.23984
694.7,  -2.24296
694.8,  -2.24609
694.9,  -2.24921
695.0,  -2.25234
695.1,  -2.25547
695.2,  -2.25860
695.3,  -2.26173
695.4,  -2.26486
695.5,  -2.26799
695.6,  -2.27113
695.7,  -2.27426
695.8,  -2.27740
695.9,  -2.28054
696.0,  -2.28367
696.1,  -2.28681
696.2,  -2.28995
696.3,  -2.29309
696.4,  -2.29623
696.5,  -2.29938
696.6,  -2.30252
696.7,  -2.30566
696.8,  -2.30881
696.9,  -2.31195
697.0,  -2.31510
697.1,  -2.31825
697.2,  -2.32139
697.3,  -2.32454
697.4,  -2.32769
697.5,  -2.33084
697.6,  -2.33399
697.7,  -2.33714
697.8,  -2.34029
697.9,  -2.34344
698.0,  -2.34659
698.1,  -2.34975
698.2,  -2.35290
698.3,  -2.35605
698.4,  -2.35920
698.5,  -2.36236
698.6,  -2.36551
698.7,  -2.36866
698.8,  -2.37182
698.9,  -2.37497
699.0,  -2.37813
699.1,  -2.38128
699.2,  -2.38443
699.3,  -2.38759
699.4,  -2.39074
699.5,  -2.39390
699.6,  -2.39705
699.7,  -2.40021
699.8,  -2.40336
699.9,  -2.40651
700.0,  -2.40967
700.1,  -2.41282
700.2,  -2.41597
700.3,  -2.41913
700.4,  -2.42228
700.5,  -2.42543
700.6,  -2.42859
700.7,  -2.43174
700.8,  -2.43489
700.9,  -2.43805
701.0,  -2.44120
701.1,  -2.44436
701.2,  -2.44751
701.3,  -2.45067
701.4,  -2.45383
701.5,  -2.45698
701.6,  -2.46014
701.7,  -2.46330
701.8,  -2.46646
701.9,  -2.46962
702.0,  -2.47278
702.1,  -2.47595
702.2,  -2.47911
702.3,  -2.48228
702.4,  -2.48545
702.5,  -2.48861
702.6,  -2.49178
702.7,  -2.49496
702.8,  -2.49813
702.9,  -2.50130
703.0,  -2.50448
703.1,  -2.50766
703.2,  -2.51084
703.3,  -2.51402
703.4,  -2.51720
703.5,  -2.52039
703.6,  -2.52358
703.7,  -2.52677
703.8,  -2.52996
703.9,  -2.53316
704.0,  -2.53635
704.1,  -2.53955
704.2,  -2.54276
704.3,  -2.54596
704.4,  -2.54917
704.5,  -2.55238
704.6,  -2.55559
704.7,  -2.55881
704.8,  -2.56203
704.9,  -2.56525
705.0,  -2.56847
705.1,  -2.57170
705.2,  -2.57493
705.3,  -2.57817
705.4,  -2.58140
705.5,  -2.58464
705.6,  -2.58789
705.7,  -2.59113
705.8,  -2.59438
705.9,  -2.59763
706.0,  -2.60089
706.1,  -2.60414
706.2,  -2.60740
706.3,  -2.61066
706.4,  -2.61392
706.5,  -2.61719
706.6,  -2.62046
706.7,  -2.62373
706.8,  -2.62700
706.9,  -2.63027
707.0,  -2.63355
707.1,  -2.63683
707.2,  -2.64010
707.3,  -2.64339
707.4,  -2.64667
707.5,  -2.64995
707.6,  -2.65324
707.7,  -2.65653
707.8,  -2.65982
707.9,  -2.66311
708.0,  -2.66640
708.1,  -2.66969
708.2,  -2.67299
708.3,  -2.67628
708.4,  -2.67958
708.5,  -2.68288
708.6,  -2.68617
708.7,  -2.68947
708.8,  -2.69277
708.9,  -2.69607
709.0,  -2.69938
709.1,  -2.70268
709.2,  -2.70598
709.3,  -2.70929
709.4,  -2.71259
709.5,  -2.71589
709.6,  -2.71920
709.7,  -2.72250
709.8,  -2.72581
709.9,  -2.72911
710.0,  -2.73242
710.1,  -2.73572
710.2,  -2.73903
710.3,  -2.74234
710.4,  -2.74564
710.5,  -2.74895
710.6,  -2.75225
710.7,  -2.75555
710.8,  -2.75886
710.9,  -2.76216
711.0,  -2.76547
711.1,  -2.76877
711.2,  -2.77207
711.3,  -2.77537
711.4,  -2.77868
711.5,  -2.78198
711.6,  -2.78528
711.7,  -2.78857
711.8,  -2.79187
711.9,  -2.79517
712.0,  -2.79847
712.1,  -2.80176
712.2,  -2.80506
712.3,  -2.80835
712.4,  -2.81164
712.5,  -2.81493
712.6,  -2.81822
712.7,  -2.82151
712.8,  -2.82480
712.9,  -2.82808
713.0,  -2.83137
713.1,  -2.83465
713.2,  -2.83793
713.3,  -2.84121
713.4,  -2.84449
713.5,  -2.84777
713.6,  -2.85104
713.7,  -2.85431
713.8,  -2.85759
713.9,  -2.86085
714.0,  -2.86412
714.1,  -2.86739
714.2,  -2.87065
714.3,  -2.87391
714.4,  -2.87717
714.5,  -2.88043
714.6,  -2.88368
714.7,  -2.88693
714.8,  -2.89018
714.9,  -2.89343
715.0,  -2.89668
715.1,  -2.89992
715.2,  -2.90316
715.3,  -2.90640
715.4,  -2.90963
715.5,  -2.91286
715.6,  -2.91609
715.7,  -2.91932
715.8,  -2.92255
715.9,  -2.92578
716.0,  -2.92900
716.1,  -2.93222
716.2,  -2.93544
716.3,  -2.93866
716.4,  -2.94187
716.5,  -2.94509
716.6,  -2.94830
716.7,  -2.95151
716.8,  -2.95472
716.9,  -2.95793
717.0,  -2.96114
717.1,  -2.96434
717.2,  -2.96755
717.3,  -2.97075
717.4,  -2.97396
717.5,  -2.97716
717.6,  -2.98036
717.7,  -2.98356
717.8,  -2.98676
717.9,  -2.98996
718.0,  -2.99316
718.1,  -2.99636
718.2,  -2.99955
718.3,  -3.00275
718.4,  -3.00595
718.5,  -3.00914
718.6,  -3.01234
718.7,  -3.01554
718.8,  -3.01873
718.9,  -3.02193
719.0,  -3.02513
719.1,  -3.02832
719.2,  -3.03152
719.3,  -3.03472
719.4,  -3.03791
719.5,  -3.04111
719.6,  -3.04431
719.7,  -3.04751
719.8,  -3.05071
719.9,  -3.05391
720.0,  -3.05711
720.1,  -3.06031
720.2,  -3.06351
720.3,  -3.06672
720.4,  -3.06992
720.5,  -3.07313
720.6,  -3.07633
720.7,  -3.07954
720.8,  -3.08274
720.9,  -3.08595
721.0,  -3.08915
721.1,  -3.09236
721.2,  -3.09557
721.3,  -3.09877
721.4,  -3.10198
721.5,  -3.10519
721.6,  -3.10839
721.7,  -3.11160
721.8,  -3.11481
721.9,  -3.11801
722.0,  -3.12122
722.1,  -3.12443
722.2,  -3.12763
722.3,  -3.13084
722.4,  -3.13404
722.5,  -3.13724
722.6,  -3.14045
722.7,  -3.14365
722.8,  -3.14685
722.9,  -3.15005
723.0,  -3.15325
723.1,  -3.15645
723.2,  -3.15965
723.3,  -3.16285
723.4,  -3.16604
723.5,  -3.16924
723.6,  -3.17243
723.7,  -3.17563
723.8,  -3.17882
723.9,  -3.18201
724.0,  -3.18520
724.1,  -3.18838
724.2,  -3.19157
724.3,  -3.19475
724.4,  -3.19794
724.5,  -3.20112
724.6,  -3.20430
724.7,  -3.20747
724.8,  -3.21065
724.9,  -3.21382
725.0,  -3.21699
725.1,  -3.22016
725.2,  -3.22333
725.3,  -3.22650
725.4,  -3.22966
725.5,  -3.23282
725.6,  -3.23598
725.7,  -3.23914
725.8,  -3.24230
725.9,  -3.24545
726.0,  -3.24860
726.1,  -3.25175
726.2,  -3.25490
726.3,  -3.25805
726.4,  -3.26120
726.5,  -3.26434
726.6,  -3.26749
726.7,  -3.27063
726.8,  -3.27377
726.9,  -3.27691
727.0,  -3.28004
727.1,  -3.28318
727.2,  -3.28632
727.3,  -3.28945
727.4,  -3.29258
727.5,  -3.29572
727.6,  -3.29885
727.7,  -3.30198
727.8,  -3.30510
727.9,  -3.30823
728.0,  -3.31136
728.1,  -3.31448
728.2,  -3.31761
728.3,  -3.32073
728.4,  -3.32386
728.5,  -3.32698
728.6,  -3.33010
728.7,  -3.33322
728.8,  -3.33634
728.9,  -3.33946
729.0,  -3.34258
729.1,  -3.34570
729.2,  -3.34882
729.3,  -3.35194
729.4,  -3.35505
729.5,  -3.35817
729.6,  -3.36129
729.7,  -3.36440
729.8,  -3.36752
729.9,  -3.37063
730.0,  -3.37375
730.1,  -3.37686
730.2,  -3.37998
730.3,  -3.38309
730.4,  -3.38621
730.5,  -3.38932
730.6,  -3.39244
730.7,  -3.39555
730.8,  -3.39867
730.9,  -3.40178
731.0,  -3.40490
731.1,  -3.40801
731.2,  -3.41113
731.3,  -3.41424
731.4,  -3.41736
731.5,  -3.42048
731.6,  -3.42359
731.7,  -3.42671
731.8,  -3.42983
731.9,  -3.43294
732.0,  -3.43606
732.1,  -3.43918
732.2,  -3.44230
732.3,  -3.44541
732.4,  -3.44853
732.5,  -3.45165
732.6,  -3.45477
732.7,  -3.45789
732.8,  -3.46102
732.9,  -3.46414
733.0,  -3.46726
733.1,  -3.47038
733.2,  -3.47351
733.3,  -3.47663
733.4,  -3.47976
733.5,  -3.48288
733.6,  -3.48601
733.7,  -3.48914
733.8,  -3.49227
733.9,  -3.49540
734.0,  -3.49853
734.1,  -3.50166
734.2,  -3.50479
734.3,  -3.50792
734.4,  -3.51106
734.5,  -3.51419
734.6,  -3.51733
734.7,  -3.52047
734.8,  -3.52361
734.9,  -3.52675
735.0,  -3.52989
735.1,  -3.53303
735.2,  -3.53618
735.3,  -3.53932
735.4,  -3.54247
735.5,  -3.54561
735.6,  -3.54876
735.7,  -3.55191
735.8,  -3.55506
735.9,  -3.55820
736.0,  -3.56135
736.1,  -3.56450
736.2,  -3.56765
736.3,  -3.57080
736.4,  -3.57395
736.5,  -3.57710
736.6,  -3.58025
736.7,  -3.58340
736.8,  -3.58654
736.9,  -3.58969
737.0,  -3.59284
737.1,  -3.59598
737.2,  -3.59913
737.3,  -3.60227
737.4,  -3.60541
737.5,  -3.60855
737.6,  -3.61169
737.7,  -3.61483
737.8,  -3.61797
737.9,  -3.62110
738.0,  -3.62424
738.1,  -3.62737
738.2,  -3.63050
738.3,  -3.63362
738.4,  -3.63675
738.5,  -3.63987
738.6,  -3.64299
738.7,  -3.64611
738.8,  -3.64922
738.9,  -3.65234
739.0,  -3.65545
739.1,  -3.65855
739.2,  -3.66166
739.3,  -3.66476
739.4,  -3.66785
739.5,  -3.67095
739.6,  -3.67404
739.7,  -3.67713
739.8,  -3.68021
739.9,  -3.68329
740.0,  -3.68637
740.1,  -3.68944
740.2,  -3.69250
740.3,  -3.69557
740.4,  -3.69863
740.5,  -3.70169
740.6,  -3.70474
740.7,  -3.70779
740.8,  -3.71084
740.9,  -3.71388
741.0,  -3.71692
741.1,  -3.71996
741.2,  -3.72300
741.3,  -3.72603
741.4,  -3.72906
741.5,  -3.73209
741.6,  -3.73512
741.7,  -3.73814
741.8,  -3.74116
741.9,  -3.74418
742.0,  -3.74720
742.1,  -3.75022
742.2,  -3.75323
742.3,  -3.75625
742.4,  -3.75926
742.5,  -3.76227
742.6,  -3.76528
742.7,  -3.76829
742.8,  -3.77129
742.9,  -3.77430
743.0,  -3.77731
743.1,  -3.78031
743.2,  -3.78332
743.3,  -3.78632
743.4,  -3.78933
743.5,  -3.79233
743.6,  -3.79534
743.7,  -3.79834
743.8,  -3.80135
743.9,  -3.80435
744.0,  -3.80736
744.1,  -3.81037
744.2,  -3.81337
744.3,  -3.81638
744.4,  -3.81939
744.5,  -3.82240
744.6,  -3.82541
744.7,  -3.82843
744.8,  -3.83144
744.9,  -3.83445
745.0,  -3.83747
745.1,  -3.84049
745.2,  -3.84351
745.3,  -3.84653
745.4,  -3.84956
745.5,  -3.85258
745.6,  -3.85561
745.7,  -3.85864
745.8,  -3.86166
745.9,  -3.86469
746.0,  -3.86773
746.1,  -3.87076
746.2,  -3.87379
746.3,  -3.87683
746.4,  -3.87986
746.5,  -3.88290
746.6,  -3.88593
746.7,  -3.88897
746.8,  -3.89201
746.9,  -3.89505
747.0,  -3.89808
747.1,  -3.90112
747.2,  -3.90416
747.3,  -3.90720
747.4,  -3.91024
747.5,  -3.91328
747.6,  -3.91632
747.7,  -3.91936
747.8,  -3.92240
747.9,  -3.92544
748.0,  -3.92848
748.1,  -3.93152
748.2,  -3.93456
748.3,  -3.93760
748.4,  -3.94064
748.5,  -3.94368
748.6,  -3.94671
748.7,  -3.94975
748.8,  -3.95278
748.9,  -3.95582
749.0,  -3.95885
749.1,  -3.96189
749.2,  -3.96492
749.3,  -3.96795
749.4,  -3.97098
749.5,  -3.97401
749.6,  -3.97703
749.7,  -3.98006
749.8,  -3.98308
749.9,  -3.98611
750.0,  -3.98913
750.1,  -3.99215
750.2,  -3.99517
750.3,  -3.99818
750.4,  -4.00120
750.5,  -4.00421
750.6,  -4.00722
750.7,  -4.01023
750.8,  -4.01324
750.9,  -4.01625
751.0,  -4.01926
751.1,  -4.02226
751.2,  -4.02526
751.3,  -4.02826
751.4,  -4.03126
751.5,  -4.03426
751.6,  -4.03726
751.7,  -4.04025
751.8,  -4.04325
751.9,  -4.04624
752.0,  -4.04923
752.1,  -4.05222
752.2,  -4.05521
752.3,  -4.05820
752.4,  -4.06118
752.5,  -4.06417
752.6,  -4.06715
752.7,  -4.07013
752.8,  -4.07311
752.9,  -4.07609
753.0,  -4.07907
753.1,  -4.08205
753.2,  -4.08502
753.3,  -4.08800
753.4,  -4.09097
753.5,  -4.09394
753.6,  -4.09691
753.7,  -4.09988
753.8,  -4.10285
753.9,  -4.10582
754.0,  -4.10878
754.1,  -4.11175
754.2,  -4.11471
754.3,  -4.11767
754.4,  -4.12063
754.5,  -4.12359
754.6,  -4.12655
754.7,  -4.12951
754.8,  -4.13246
754.9,  -4.13542
755.0,  -4.13837
755.1,  -4.14133
755.2,  -4.14428
755.3,  -4.14723
755.4,  -4.15018
755.5,  -4.15313
755.6,  -4.15608
755.7,  -4.15903
755.8,  -4.16197
755.9,  -4.16492
756.0,  -4.16786
756.1,  -4.17081
756.2,  -4.17375
756.3,  -4.17669
756.4,  -4.17964
756.5,  -4.18258
756.6,  -4.18552
756.7,  -4.18846
756.8,  -4.19140
756.9,  -4.19434
757.0,  -4.19728
757.1,  -4.20022
757.2,  -4.20315
757.3,  -4.20609
757.4,  -4.20903
757.5,  -4.21197
757.6,  -4.21490
757.7,  -4.21784
757.8,  -4.22077
757.9,  -4.22371
758.0,  -4.22665
758.1,  -4.22958
758.2,  -4.23252
758.3,  -4.23545
758.4,  -4.23839
758.5,  -4.24132
758.6,  -4.24426
758.7,  -4.24719
758.8,  -4.25013
758.9,  -4.25306
759.0,  -4.25600
759.1,  -4.25894
759.2,  -4.26187
759.3,  -4.26481
759.4,  -4.26774
759.5,  -4.27068
759.6,  -4.27362
759.7,  -4.27655
759.8,  -4.27949
759.9,  -4.28243
760.0,  -4.28537
760.1,  -4.28831
760.2,  -4.29125
760.3,  -4.29419
760.4,  -4.29712
760.5,  -4.30007
760.6,  -4.30301
760.7,  -4.30595
760.8,  -4.30889
760.9,  -4.31183
761.0,  -4.31477
761.1,  -4.31771
761.2,  -4.32065
761.3,  -4.32359
761.4,  -4.32653
761.5,  -4.32947
761.6,  -4.33241
761.7,  -4.33535
761.8,  -4.33828
761.9,  -4.34122
762.0,  -4.34416
762.1,  -4.34710
762.2,  -4.35003
762.3,  -4.35297
762.4,  -4.35590
762.5,  -4.35883
762.6,  -4.36177
762.7,  -4.36470
762.8,  -4.36763
762.9,  -4.37056
763.0,  -4.37349
763.1,  -4.37642
763.2,  -4.37934
763.3,  -4.38227
763.4,  -4.38519
763.5,  -4.38811
763.6,  -4.39103
763.7,  -4.39395
763.8,  -4.39687
763.9,  -4.39979
764.0,  -4.40270
764.1,  -4.40562
764.2,  -4.40853
764.3,  -4.41144
764.4,  -4.41434
764.5,  -4.41725
764.6,  -4.42015
764.7,  -4.42306
764.8,  -4.42596
764.9,  -4.42885
765.0,  -4.43175
765.1,  -4.43464
765.2,  -4.43753
765.3,  -4.44042
765.4,  -4.44331
765.5,  -4.44619
765.6,  -4.44908
765.7,  -4.45196
765.8,  -4.45484
765.9,  -4.45772
766.0,  -4.46059
766.1,  -4.46347
766.2,  -4.46634
766.3,  -4.46922
766.4,  -4.47209
766.5,  -4.47496
766.6,  -4.47783
766.7,  -4.48070
766.8,  -4.48356
766.9,  -4.48643
767.0,  -4.48930
767.1,  -4.49216
767.2,  -4.49503
767.3,  -4.49789
767.4,  -4.50076
767.5,  -4.50362
767.6,  -4.50649
767.7,  -4.50935
767.8,  -4.51221
767.9,  -4.51508
768.0,  -4.51794
768.1,  -4.52081
768.2,  -4.52367
768.3,  -4.52653
768.4,  -4.52940
768.5,  -4.53227
768.6,  -4.53513
768.7,  -4.53800
768.8,  -4.54087
768.9,  -4.54374
769.0,  -4.54661
769.1,  -4.54948
769.2,  -4.55235
769.3,  -4.55522
769.4,  -4.55810
769.5,  -4.56097
769.6,  -4.56385
769.7,  -4.56673
769.8,  -4.56961
769.9,  -4.57249
770.0,  -4.57537
770.1,  -4.57826
770.2,  -4.58114
770.3,  -4.58403
770.4,  -4.58692
770.5,  -4.58981
770.6,  -4.59271
770.7,  -4.59560
770.8,  -4.59850
770.9,  -4.60139
771.0,  -4.60429
771.1,  -4.60719
771.2,  -4.61009
771.3,  -4.61298
771.4,  -4.61588
771.5,  -4.61878
771.6,  -4.62168
771.7,  -4.62458
771.8,  -4.62748
771.9,  -4.63038
772.0,  -4.63328
772.1,  -4.63618
772.2,  -4.63908
772.3,  -4.64198
772.4,  -4.64488
772.5,  -4.64778
772.6,  -4.65067
772.7,  -4.65357
772.8,  -4.65646
772.9,  -4.65936
773.0,  -4.66225
773.1,  -4.66514
773.2,  -4.66803
773.3,  -4.67092
773.4,  -4.67380
773.5,  -4.67669
773.6,  -4.67957
773.7,  -4.68245
773.8,  -4.68533
773.9,  -4.68820
774.0,  -4.69108
774.1,  -4.69395
774.2,  -4.69682
774.3,  -4.69969
774.4,  -4.70255
774.5,  -4.70541
774.6,  -4.70827
774.7,  -4.71112
774.8,  -4.71397
774.9,  -4.71682
775.0,  -4.71967
775.1,  -4.72251
775.2,  -4.72535
775.3,  -4.72818
775.4,  -4.73101
775.5,  -4.73384
775.6,  -4.73667
775.7,  -4.73949
775.8,  -4.74231
775.9,  -4.74513
776.0,  -4.74794
776.1,  -4.75075
776.2,  -4.75356
776.3,  -4.75637
776.4,  -4.75917
776.5,  -4.76197
776.6,  -4.76477
776.7,  -4.76757
776.8,  -4.77037
776.9,  -4.77316
777.0,  -4.77595
777.1,  -4.77874
777.2,  -4.78153
777.3,  -4.78431
777.4,  -4.78710
777.5,  -4.78988
777.6,  -4.79266
777.7,  -4.79544
777.8,  -4.79822
777.9,  -4.80100
778.0,  -4.80378
778.1,  -4.80655
778.2,  -4.80933
778.3,  -4.81210
778.4,  -4.81488
778.5,  -4.81765
778.6,  -4.82042
778.7,  -4.82320
778.8,  -4.82597
778.9,  -4.82874
779.0,  -4.83151
779.1,  -4.83428
779.2,  -4.83705
779.3,  -4.83982
779.4,  -4.84259
779.5,  -4.84536
779.6,  -4.84813
779.7,  -4.85091
779.8,  -4.85368
779.9,  -4.85645
780.0,  -4.85922
780.1,  -4.86200
780.2,  -4.86477
780.3,  -4.86755
780.4,  -4.87032
780.5,  -4.87310
780.6,  -4.87588
780.7,  -4.87865
780.8,  -4.88143
780.9,  -4.88421
781.0,  -4.88699
781.1,  -4.88977
781.2,  -4.89255
781.3,  -4.89533
781.4,  -4.89811
781.5,  -4.90089
781.6,  -4.90367
781.7,  -4.90645
781.8,  -4.90923
781.9,  -4.91201
782.0,  -4.91479
782.1,  -4.91757
782.2,  -4.92035
782.3,  -4.92313
782.4,  -4.92591
782.5,  -4.92869
782.6,  -4.93147
782.7,  -4.93425
782.8,  -4.93703
782.9,  -4.93982
783.0,  -4.94260
783.1,  -4.94537
783.2,  -4.94815
783.3,  -4.95093
783.4,  -4.95371
783.5,  -4.95649
783.6,  -4.95927
783.7,  -4.96205
783.8,  -4.96482
783.9,  -4.96760
784.0,  -4.97037
784.1,  -4.97315
784.2,  -4.97592
784.3,  -4.97870
784.4,  -4.98147
784.5,  -4.98424
784.6,  -4.98702
784.7,  -4.98979
784.8,  -4.99256
784.9,  -4.99533
785.0,  -4.99810
785.1,  -5.00086
785.2,  -5.00363
785.3,  -5.00640
785.4,  -5.00916
785.5,  -5.01193
785.6,  -5.01469
785.7,  -5.01745
785.8,  -5.02022
785.9,  -5.02298
786.0,  -5.02574
786.1,  -5.02850
786.2,  -5.03126
786.3,  -5.03402
786.4,  -5.03677
786.5,  -5.03953
786.6,  -5.04229
786.7,  -5.04504
786.8,  -5.04780
786.9,  -5.05055
787.0,  -5.05331
787.1,  -5.05606
787.2,  -5.05882
787.3,  -5.06157
787.4,  -5.06432
787.5,  -5.06707
787.6,  -5.06983
787.7,  -5.07258
787.8,  -5.07533
787.9,  -5.07808
788.0,  -5.08083
788.1,  -5.08358
788.2,  -5.08633
788.3,  -5.08908
788.4,  -5.09183
788.5,  -5.09458
788.6,  -5.09732
788.7,  -5.10007
788.8,  -5.10282
788.9,  -5.10557
789.0,  -5.10832
789.1,  -5.11107
789.2,  -5.11381
789.3,  -5.11656
789.4,  -5.11931
789.5,  -5.12206
789.6,  -5.12480
789.7,  -5.12755
789.8,  -5.13030
789.9,  -5.13305
790.0,  -5.13579
790.1,  -5.13854
790.2,  -5.14129
790.3,  -5.14404
790.4,  -5.14678
790.5,  -5.14953
790.6,  -5.15228
790.7,  -5.15503
790.8,  -5.15777
790.9,  -5.16052
791.0,  -5.16327
791.1,  -5.16601
791.2,  -5.16876
791.3,  -5.17151
791.4,  -5.17425
791.5,  -5.17700
791.6,  -5.17974
791.7,  -5.18249
791.8,  -5.18523
791.9,  -5.18798
792.0,  -5.19072
792.1,  -5.19346
792.2,  -5.19621
792.3,  -5.19895
792.4,  -5.20169
792.5,  -5.20443
792.6,  -5.20717
792.7,  -5.20991
792.8,  -5.21265
792.9,  -5.21539
793.0,  -5.21812
793.1,  -5.22086
793.2,  -5.22359
793.3,  -5.22633
793.4,  -5.22906
793.5,  -5.23180
793.6,  -5.23453
793.7,  -5.23726
793.8,  -5.23999
793.9,  -5.24272
794.0,  -5.24545
794.1,  -5.24817
794.2,  -5.25090
794.3,  -5.25362
794.4,  -5.25635
794.5,  -5.25907
794.6,  -5.26179
794.7,  -5.26451
794.8,  -5.26723
794.9,  -5.26994
795.0,  -5.27266
795.1,  -5.27537
795.2,  -5.27809
795.3,  -5.28080
795.4,  -5.28351
795.5,  -5.28622
795.6,  -5.28893
795.7,  -5.29163
795.8,  -5.29434
795.9,  -5.29704
796.0,  -5.29974
796.1,  -5.30245
796.2,  -5.30515
796.3,  -5.30784
796.4,  -5.31054
796.5,  -5.31324
796.6,  -5.31593
796.7,  -5.31862
796.8,  -5.32132
796.9,  -5.32401
797.0,  -5.32670
797.1,  -5.32938
797.2,  -5.33207
797.3,  -5.33476
797.4,  -5.33744
797.5,  -5.34012
797.6,  -5.34280
797.7,  -5.34549
797.8,  -5.34816
797.9,  -5.35084
798.0,  -5.35352
798.1,  -5.35619
798.2,  -5.35887
798.3,  -5.36154
798.4,  -5.36421
798.5,  -5.36688
798.6,  -5.36955
798.7,  -5.37222
798.8,  -5.37488
798.9,  -5.37755
799.0,  -5.38021
799.1,  -5.38288
799.2,  -5.38554
799.3,  -5.38820
799.4,  -5.39086
799.5,  -5.39352
799.6,  -5.39617
799.7,  -5.39883
799.8,  -5.40148
799.9,  -5.40413
800.0,  -5.40679
800.1,  -5.40944
800.2,  -5.41209
800.3,  -5.41473
800.4,  -5.41738
800.5,  -5.42003
800.6,  -5.42267
800.7,  -5.42532
800.8,  -5.42796
800.9,  -5.43060
801.0,  -5.43325
801.1,  -5.43589
801.2,  -5.43853
801.3,  -5.44117
801.4,  -5.44381
801.5,  -5.44645
801.6,  -5.44908
801.7,  -5.45172
801.8,  -5.45436
801.9,  -5.45700
802.0,  -5.45963
802.1,  -5.46227
802.2,  -5.46491
802.3,  -5.46754
802.4,  -5.47018
802.5,  -5.47282
802.6,  -5.47545
802.7,  -5.47809
802.8,  -5.48072
802.9,  -5.48336
803.0,  -5.48600
803.1,  -5.48863
803.2,  -5.49127
803.3,  -5.49391
803.4,  -5.49655
803.5,  -5.49919
803.6,  -5.50182
803.7,  -5.50446
803.8,  -5.50710
803.9,  -5.50974
804.0,  -5.51238
804.1,  -5.51503
804.2,  -5.51767
804.3,  -5.52031
804.4,  -5.52296
804.5,  -5.52560
804.6,  -5.52825
804.7,  -5.53089
804.8,  -5.53354
804.9,  -5.53619
805.0,  -5.53884
805.1,  -5.54149
805.2,  -5.54415
805.3,  -5.54680
805.4,  -5.54945
805.5,  -5.55211
805.6,  -5.55477
805.7,  -5.55742
805.8,  -5.56008
805.9,  -5.56274
806.0,  -5.56540
806.1,  -5.56806
806.2,  -5.57072
806.3,  -5.57338
806.4,  -5.57605
806.5,  -5.57871
806.6,  -5.58137
806.7,  -5.58404
806.8,  -5.58670
806.9,  -5.58936
807.0,  -5.59203
807.1,  -5.59469
807.2,  -5.59736
807.3,  -5.60002
807.4,  -5.60269
807.5,  -5.60535
807.6,  -5.60801
807.7,  -5.61068
807.8,  -5.61334
807.9,  -5.61600
808.0,  -5.61867
808.1,  -5.62133
808.2,  -5.62399
808.3,  -5.62666
808.4,  -5.62932
808.5,  -5.63198
808.6,  -5.63464
808.7,  -5.63730
808.8,  -5.63996
808.9,  -5.64261
809.0,  -5.64527
809.1,  -5.64793
809.2,  -5.65058
809.3,  -5.65324
809.4,  -5.65589
809.5,  -5.65854
809.6,  -5.66119
809.7,  -5.66384
809.8,  -5.66649
809.9,  -5.66914
810.0,  -5.67178
810.1,  -5.67443
810.2,  -5.67707
810.3,  -5.67971
810.4,  -5.68235
810.5,  -5.68499
810.6,  -5.68763
810.7,  -5.69027
810.8,  -5.69290
810.9,  -5.69553
811.0,  -5.69816
811.1,  -5.70079
811.2,  -5.70342
811.3,  -5.70605
811.4,  -5.70868
811.5,  -5.71130
811.6,  -5.71392
811.7,  -5.71654
811.8,  -5.71916
811.9,  -5.72178
812.0,  -5.72440
812.1,  -5.72701
812.2,  -5.72963
812.3,  -5.73224
812.4,  -5.73485
812.5,  -5.73746
812.6,  -5.74007
812.7,  -5.74268
812.8,  -5.74528
812.9,  -5.74788
813.0,  -5.75049
813.1,  -5.75309
813.2,  -5.75569
813.3,  -5.75828
813.4,  -5.76088
813.5,  -5.76347
813.6,  -5.76607
813.7,  -5.76866
813.8,  -5.77125
813.9,  -5.77384
814.0,  -5.77642
814.1,  -5.77901
814.2,  -5.78159
814.3,  -5.78417
814.4,  -5.78675
814.5,  -5.78933
814.6,  -5.79191
814.7,  -5.79449
814.8,  -5.79706
814.9,  -5.79963
815.0,  -5.80220
815.1,  -5.80477
815.2,  -5.80734
815.3,  -5.80991
815.4,  -5.81247
815.5,  -5.81504
815.6,  -5.81760
815.7,  -5.82016
815.8,  -5.82272
815.9,  -5.82528
816.0,  -5.82783
816.1,  -5.83039
816.2,  -5.83295
816.3,  -5.83550
816.4,  -5.83805
816.5,  -5.84060
816.6,  -5.84315
816.7,  -5.84570
816.8,  -5.84825
816.9,  -5.85080
817.0,  -5.85335
817.1,  -5.85589
817.2,  -5.85844
817.3,  -5.86098
817.4,  -5.86353
817.5,  -5.86607
817.6,  -5.86861
817.7,  -5.87115
817.8,  -5.87369
817.9,  -5.87624
818.0,  -5.87878
818.1,  -5.88132
818.2,  -5.88386
818.3,  -5.88639
818.4,  -5.88893
818.5,  -5.89147
818.6,  -5.89401
818.7,  -5.89655
818.8,  -5.89909
818.9,  -5.90162
819.0,  -5.90416
819.1,  -5.90670
819.2,  -5.90924
819.3,  -5.91177
819.4,  -5.91431
819.5,  -5.91685
819.6,  -5.91939
819.7,  -5.92193
819.8,  -5.92446
819.9,  -5.92700
820.0,  -5.92954
820.1,  -5.93208
820.2,  -5.93462
820.3,  -5.93716
820.4,  -5.93970
820.5,  -5.94224
820.6,  -5.94478
820.7,  -5.94732
820.8,  -5.94986
820.9,  -5.95240
821.0,  -5.95494
821.1,  -5.95749
821.2,  -5.96003
821.3,  -5.96257
821.4,  -5.96511
821.5,  -5.96765
821.6,  -5.97019
821.7,  -5.97274
821.8,  -5.97528
821.9,  -5.97782
822.0,  -5.98036
822.1,  -5.98290
822.2,  -5.98545
822.3,  -5.98799
822.4,  -5.99053
822.5,  -5.99307
822.6,  -5.99561
822.7,  -5.99815
822.8,  -6.00069
822.9,  -6.00324
823.0,  -6.00578
823.1,  -6.00832
823.2,  -6.01086
823.3,  -6.01340
823.4,  -6.01594
823.5,  -6.01848
823.6,  -6.02102
823.7,  -6.02356
823.8,  -6.02610
823.9,  -6.02863
824.0,  -6.03117
824.1,  -6.03371
824.2,  -6.03625
824.3,  -6.03879
824.4,  -6.04132
824.5,  -6.04386
824.6,  -6.04639
824.7,  -6.04893
824.8,  -6.05146
824.9,  -6.05400
825.0,  -6.05653
825.1,  -6.05907
825.2,  -6.06160
825.3,  -6.06413
825.4,  -6.06666
825.5,  -6.06919
825.6,  -6.07172
825.7,  -6.07425
825.8,  -6.07678
825.9,  -6.07931
826.0,  -6.08184
826.1,  -6.08437
826.2,  -6.08689
826.3,  -6.08942
826.4,  -6.09194
826.5,  -6.09447
826.6,  -6.09699
826.7,  -6.09951
826.8,  -6.10204
826.9,  -6.10456
827.0,  -6.10708
827.1,  -6.10960
827.2,  -6.11211
827.3,  -6.11463
827.4,  -6.11715
827.5,  -6.11966
827.6,  -6.12218
827.7,  -6.12469
827.8,  -6.12720
827.9,  -6.12972
828.0,  -6.13223
828.1,  -6.13474
828.2,  -6.13724
828.3,  -6.13975
828.4,  -6.14226
828.5,  -6.14476
828.6,  -6.14727
828.7,  -6.14977
828.8,  -6.15227
828.9,  -6.15477
829.0,  -6.15727
829.1,  -6.15977
829.2,  -6.16227
829.3,  -6.16476
829.4,  -6.16726
829.5,  -6.16975
829.6,  -6.17224
829.7,  -6.17473
829.8,  -6.17722
829.9,  -6.17971
830.0,  -6.18220
