390.0,  4.12427E-04
390.1,  4.20504E-04
390.2,  4.28732E-04
390.3,  4.37113E-04
390.4,  4.45650E-04
390.5,  4.54346E-04
390.6,  4.63202E-04
390.7,  4.72221E-04
390.8,  4.81407E-04
390.9,  4.90761E-04
391.0,  5.00286E-04
391.1,  5.09986E-04
391.2,  5.19862E-04
391.3,  5.29917E-04
391.4,  5.40155E-04
391.5,  5.50578E-04
391.6,  5.61188E-04
391.7,  5.71990E-04
391.8,  5.82985E-04
391.9,  5.94176E-04
392.0,  6.05567E-04
392.1,  6.17160E-04
392.2,  6.28959E-04
392.3,  6.40966E-04
392.4,  6.53185E-04
392.5,  6.65617E-04
392.6,  6.78268E-04
392.7,  6.91139E-04
392.8,  7.04234E-04
392.9,  7.17556E-04
393.0,  7.31107E-04
393.1,  7.44892E-04
393.2,  7.58914E-04
393.3,  7.73175E-04
393.4,  7.87679E-04
393.5,  8.02430E-04
393.6,  8.17430E-04
393.7,  8.32682E-04
393.8,  8.48191E-04
393.9,  8.63959E-04
394.0,  8.79990E-04
394.1,  8.96287E-04
394.2,  9.12853E-04
394.3,  9.29692E-04
394.4,  9.46808E-04
394.5,  9.64203E-04
394.6,  9.81880E-04
394.7,  9.99845E-04
394.8,  1.01810E-03
394.9,  1.03665E-03
395.0,  1.05549E-03
395.1,  1.07463E-03
395.2,  1.09408E-03
395.3,  1.11384E-03
395.4,  1.13390E-03
395.5,  1.15428E-03
395.6,  1.17497E-03
395.7,  1.19599E-03
395.8,  1.21733E-03
395.9,  1.23900E-03
396.0,  1.26099E-03
396.1,  1.28333E-03
396.2,  1.30599E-03
396.3,  1.32900E-03
396.4,  1.35236E-03
396.5,  1.37606E-03
396.6,  1.40011E-03
396.7,  1.42451E-03
396.8,  1.44927E-03
396.9,  1.47439E-03
397.0,  1.49988E-03
397.1,  1.52573E-03
397.2,  1.55195E-03
397.3,  1.57854E-03
397.4,  1.60551E-03
397.5,  1.63285E-03
397.6,  1.66058E-03
397.7,  1.68869E-03
397.8,  1.71719E-03
397.9,  1.74608E-03
398.0,  1.77536E-03
398.1,  1.80503E-03
398.2,  1.83510E-03
398.3,  1.86558E-03
398.4,  1.89645E-03
398.5,  1.92773E-03
398.6,  1.95941E-03
398.7,  1.99151E-03
398.8,  2.02402E-03
398.9,  2.05694E-03
399.0,  2.09027E-03
399.1,  2.12403E-03
399.2,  2.15820E-03
399.3,  2.19279E-03
399.4,  2.22781E-03
399.5,  2.26325E-03
399.6,  2.29912E-03
399.7,  2.33541E-03
399.8,  2.37213E-03
399.9,  2.40928E-03
400.0,  2.44686E-03
400.1,  2.48488E-03
400.2,  2.52332E-03
400.3,  2.56221E-03
400.4,  2.60154E-03
400.5,  2.64131E-03
400.6,  2.68154E-03
400.7,  2.72221E-03
400.8,  2.76335E-03
400.9,  2.80495E-03
401.0,  2.84701E-03
401.1,  2.88954E-03
401.2,  2.93255E-03
401.3,  2.97604E-03
401.4,  3.02000E-03
401.5,  3.06446E-03
401.6,  3.10941E-03
401.7,  3.15485E-03
401.8,  3.20080E-03
401.9,  3.24725E-03
402.0,  3.29421E-03
402.1,  3.34169E-03
402.2,  3.38969E-03
402.3,  3.43822E-03
402.4,  3.48727E-03
402.5,  3.53687E-03
402.6,  3.58700E-03
402.7,  3.63769E-03
402.8,  3.68892E-03
402.9,  3.74072E-03
403.0,  3.79308E-03
403.1,  3.84601E-03
403.2,  3.89952E-03
403.3,  3.95361E-03
403.4,  4.00829E-03
403.5,  4.06357E-03
403.6,  4.11945E-03
403.7,  4.17593E-03
403.8,  4.23304E-03
403.9,  4.29077E-03
404.0,  4.34913E-03
404.1,  4.40812E-03
404.2,  4.46776E-03
404.3,  4.52806E-03
404.4,  4.58902E-03
404.5,  4.65064E-03
404.6,  4.71294E-03
404.7,  4.77593E-03
404.8,  4.83960E-03
404.9,  4.90399E-03
405.0,  4.96908E-03
405.1,  5.03489E-03
405.2,  5.10142E-03
405.3,  5.16867E-03
405.4,  5.23665E-03
405.5,  5.30535E-03
405.6,  5.37477E-03
405.7,  5.44491E-03
405.8,  5.51578E-03
405.9,  5.58737E-03
406.0,  5.65969E-03
406.1,  5.73272E-03
406.2,  5.80647E-03
406.3,  5.88094E-03
406.4,  5.95613E-03
406.5,  6.03202E-03
406.6,  6.10863E-03
406.7,  6.18595E-03
406.8,  6.26397E-03
406.9,  6.34269E-03
407.0,  6.42211E-03
407.1,  6.50222E-03
407.2,  6.58301E-03
407.3,  6.66449E-03
407.4,  6.74665E-03
407.5,  6.82947E-03
407.6,  6.91297E-03
407.7,  6.99712E-03
407.8,  7.08192E-03
407.9,  7.16736E-03
408.0,  7.25344E-03
408.1,  7.34015E-03
408.2,  7.42748E-03
408.3,  7.51542E-03
408.4,  7.60396E-03
408.5,  7.69308E-03
408.6,  7.78279E-03
408.7,  7.87307E-03
408.8,  7.96390E-03
408.9,  8.05528E-03
409.0,  8.14719E-03
409.1,  8.23962E-03
409.2,  8.33256E-03
409.3,  8.42599E-03
409.4,  8.51990E-03
409.5,  8.61427E-03
409.6,  8.70909E-03
409.7,  8.80435E-03
409.8,  8.90002E-03
409.9,  8.99609E-03
410.0,  9.09254E-03
410.1,  9.18936E-03
410.2,  9.28654E-03
410.3,  9.38408E-03
410.4,  9.48197E-03
410.5,  9.58023E-03
410.6,  9.67883E-03
410.7,  9.77779E-03
410.8,  9.87709E-03
410.9,  9.97675E-03
411.0,  1.00768E-02
411.1,  1.01771E-02
411.2,  1.02778E-02
411.3,  1.03788E-02
411.4,  1.04802E-02
411.5,  1.05819E-02
411.6,  1.06840E-02
411.7,  1.07864E-02
411.8,  1.08892E-02
411.9,  1.09923E-02
412.0,  1.10957E-02
412.1,  1.11995E-02
412.2,  1.13037E-02
412.3,  1.14081E-02
412.4,  1.15130E-02
412.5,  1.16182E-02
412.6,  1.17237E-02
412.7,  1.18296E-02
412.8,  1.19358E-02
412.9,  1.20424E-02
413.0,  1.21494E-02
413.1,  1.22567E-02
413.2,  1.23644E-02
413.3,  1.24725E-02
413.4,  1.25809E-02
413.5,  1.26898E-02
413.6,  1.27990E-02
413.7,  1.29086E-02
413.8,  1.30185E-02
413.9,  1.31289E-02
414.0,  1.32397E-02
414.1,  1.33509E-02
414.2,  1.34625E-02
414.3,  1.35745E-02
414.4,  1.36869E-02
414.5,  1.37998E-02
414.6,  1.39131E-02
414.7,  1.40268E-02
414.8,  1.41410E-02
414.9,  1.42557E-02
415.0,  1.43708E-02
415.1,  1.44864E-02
415.2,  1.46024E-02
415.3,  1.47190E-02
415.4,  1.48359E-02
415.5,  1.49533E-02
415.6,  1.50711E-02
415.7,  1.51893E-02
415.8,  1.53080E-02
415.9,  1.54270E-02
416.0,  1.55464E-02
416.1,  1.56662E-02
416.2,  1.57863E-02
416.3,  1.59068E-02
416.4,  1.60276E-02
416.5,  1.61487E-02
416.6,  1.62701E-02
416.7,  1.63918E-02
416.8,  1.65138E-02
416.9,  1.66361E-02
417.0,  1.67586E-02
417.1,  1.68814E-02
417.2,  1.70044E-02
417.3,  1.71276E-02
417.4,  1.72510E-02
417.5,  1.73745E-02
417.6,  1.74983E-02
417.7,  1.76221E-02
417.8,  1.77461E-02
417.9,  1.78702E-02
418.0,  1.79945E-02
418.1,  1.81188E-02
418.2,  1.82431E-02
418.3,  1.83675E-02
418.4,  1.84919E-02
418.5,  1.86164E-02
418.6,  1.87408E-02
418.7,  1.88652E-02
418.8,  1.89896E-02
418.9,  1.91139E-02
419.0,  1.92381E-02
419.1,  1.93622E-02
419.2,  1.94862E-02
419.3,  1.96100E-02
419.4,  1.97337E-02
419.5,  1.98572E-02
419.6,  1.99805E-02
419.7,  2.01036E-02
419.8,  2.02264E-02
419.9,  2.03490E-02
420.0,  2.04713E-02
420.1,  2.05932E-02
420.2,  2.07149E-02
420.3,  2.08363E-02
420.4,  2.09574E-02
420.5,  2.10782E-02
420.6,  2.11988E-02
420.7,  2.13191E-02
420.8,  2.14392E-02
420.9,  2.15591E-02
421.0,  2.16788E-02
421.1,  2.17983E-02
421.2,  2.19176E-02
421.3,  2.20367E-02
421.4,  2.21557E-02
421.5,  2.22746E-02
421.6,  2.23933E-02
421.7,  2.25120E-02
421.8,  2.26306E-02
421.9,  2.27491E-02
422.0,  2.28676E-02
422.1,  2.29860E-02
422.2,  2.31045E-02
422.3,  2.32229E-02
422.4,  2.33415E-02
422.5,  2.34600E-02
422.6,  2.35787E-02
422.7,  2.36974E-02
422.8,  2.38163E-02
422.9,  2.39353E-02
423.0,  2.40544E-02
423.1,  2.41738E-02
423.2,  2.42934E-02
423.3,  2.44132E-02
423.4,  2.45333E-02
423.5,  2.46537E-02
423.6,  2.47744E-02
423.7,  2.48955E-02
423.8,  2.50169E-02
423.9,  2.51388E-02
424.0,  2.52610E-02
424.1,  2.53837E-02
424.2,  2.55069E-02
424.3,  2.56307E-02
424.4,  2.57549E-02
424.5,  2.58798E-02
424.6,  2.60053E-02
424.7,  2.61314E-02
424.8,  2.62581E-02
424.9,  2.63856E-02
425.0,  2.65139E-02
425.1,  2.66429E-02
425.2,  2.67726E-02
425.3,  2.69032E-02
425.4,  2.70345E-02
425.5,  2.71666E-02
425.6,  2.72994E-02
425.7,  2.74330E-02
425.8,  2.75674E-02
425.9,  2.77025E-02
426.0,  2.78384E-02
426.1,  2.79750E-02
426.2,  2.81124E-02
426.3,  2.82505E-02
426.4,  2.83894E-02
426.5,  2.85290E-02
426.6,  2.86693E-02
426.7,  2.88104E-02
426.8,  2.89522E-02
426.9,  2.90947E-02
427.0,  2.92379E-02
427.1,  2.93819E-02
427.2,  2.95265E-02
427.3,  2.96719E-02
427.4,  2.98180E-02
427.5,  2.99648E-02
427.6,  3.01123E-02
427.7,  3.02604E-02
427.8,  3.04093E-02
427.9,  3.05588E-02
428.0,  3.07090E-02
428.1,  3.08599E-02
428.2,  3.10115E-02
428.3,  3.11637E-02
428.4,  3.13165E-02
428.5,  3.14700E-02
428.6,  3.16242E-02
428.7,  3.17790E-02
428.8,  3.19344E-02
428.9,  3.20905E-02
429.0,  3.22471E-02
429.1,  3.24044E-02
429.2,  3.25623E-02
429.3,  3.27208E-02
429.4,  3.28799E-02
429.5,  3.30395E-02
429.6,  3.31998E-02
429.7,  3.33606E-02
429.8,  3.35220E-02
429.9,  3.36839E-02
430.0,  3.38464E-02
430.1,  3.40094E-02
430.2,  3.41730E-02
430.3,  3.43371E-02
430.4,  3.45017E-02
430.5,  3.46669E-02
430.6,  3.48326E-02
430.7,  3.49988E-02
430.8,  3.51656E-02
430.9,  3.53329E-02
431.0,  3.55007E-02
431.1,  3.56690E-02
431.2,  3.58378E-02
431.3,  3.60072E-02
431.4,  3.61770E-02
431.5,  3.63474E-02
431.6,  3.65183E-02
431.7,  3.66897E-02
431.8,  3.68615E-02
431.9,  3.70339E-02
432.0,  3.72068E-02
432.1,  3.73801E-02
432.2,  3.75540E-02
432.3,  3.77283E-02
432.4,  3.79031E-02
432.5,  3.80784E-02
432.6,  3.82541E-02
432.7,  3.84303E-02
432.8,  3.86070E-02
432.9,  3.87841E-02
433.0,  3.89617E-02
433.1,  3.91397E-02
433.2,  3.93182E-02
433.3,  3.94971E-02
433.4,  3.96764E-02
433.5,  3.98562E-02
433.6,  4.00364E-02
433.7,  4.02170E-02
433.8,  4.03980E-02
433.9,  4.05795E-02
434.0,  4.07613E-02
434.1,  4.09435E-02
434.2,  4.11262E-02
434.3,  4.13092E-02
434.4,  4.14926E-02
434.5,  4.16763E-02
434.6,  4.18605E-02
434.7,  4.20450E-02
434.8,  4.22298E-02
434.9,  4.24150E-02
435.0,  4.26005E-02
435.1,  4.27864E-02
435.2,  4.29726E-02
435.3,  4.31591E-02
435.4,  4.33458E-02
435.5,  4.35328E-02
435.6,  4.37200E-02
435.7,  4.39074E-02
435.8,  4.40949E-02
435.9,  4.42826E-02
436.0,  4.44705E-02
436.1,  4.46584E-02
436.2,  4.48463E-02
436.3,  4.50344E-02
436.4,  4.52224E-02
436.5,  4.54104E-02
436.6,  4.55983E-02
436.7,  4.57862E-02
436.8,  4.59740E-02
436.9,  4.61617E-02
437.0,  4.63492E-02
437.1,  4.65365E-02
437.2,  4.67236E-02
437.3,  4.69105E-02
437.4,  4.70971E-02
437.5,  4.72833E-02
437.6,  4.74693E-02
437.7,  4.76548E-02
437.8,  4.78400E-02
437.9,  4.80247E-02
438.0,  4.82089E-02
438.1,  4.83927E-02
438.2,  4.85759E-02
438.3,  4.87586E-02
438.4,  4.89406E-02
438.5,  4.91220E-02
438.6,  4.93028E-02
438.7,  4.94828E-02
438.8,  4.96622E-02
438.9,  4.98407E-02
439.0,  5.00184E-02
439.1,  5.01953E-02
439.2,  5.03713E-02
439.3,  5.05464E-02
439.4,  5.07205E-02
439.5,  5.08937E-02
439.6,  5.10658E-02
439.7,  5.12368E-02
439.8,  5.14068E-02
439.9,  5.15756E-02
440.0,  5.17432E-02
440.1,  5.19097E-02
440.2,  5.20749E-02
440.3,  5.22390E-02
440.4,  5.24019E-02
440.5,  5.25637E-02
440.6,  5.27244E-02
440.7,  5.28841E-02
440.8,  5.30427E-02
440.9,  5.32003E-02
441.0,  5.33569E-02
441.1,  5.35126E-02
441.2,  5.36674E-02
441.3,  5.38212E-02
441.4,  5.39743E-02
441.5,  5.41264E-02
441.6,  5.42778E-02
441.7,  5.44284E-02
441.8,  5.45783E-02
441.9,  5.47275E-02
442.0,  5.48760E-02
442.1,  5.50238E-02
442.2,  5.51711E-02
442.3,  5.53178E-02
442.4,  5.54640E-02
442.5,  5.56097E-02
442.6,  5.57549E-02
442.7,  5.58997E-02
442.8,  5.60441E-02
442.9,  5.61882E-02
443.0,  5.63319E-02
443.1,  5.64754E-02
443.2,  5.66186E-02
443.3,  5.67617E-02
443.4,  5.69045E-02
443.5,  5.70473E-02
443.6,  5.71900E-02
443.7,  5.73327E-02
443.8,  5.74753E-02
443.9,  5.76180E-02
444.0,  5.77608E-02
444.1,  5.79037E-02
444.2,  5.80468E-02
444.3,  5.81902E-02
444.4,  5.83337E-02
444.5,  5.84776E-02
444.6,  5.86218E-02
444.7,  5.87665E-02
444.8,  5.89115E-02
444.9,  5.90571E-02
445.0,  5.92031E-02
445.1,  5.93498E-02
445.2,  5.94970E-02
445.3,  5.96447E-02
445.4,  5.97930E-02
445.5,  5.99418E-02
445.6,  6.00910E-02
445.7,  6.02408E-02
445.8,  6.03910E-02
445.9,  6.05416E-02
446.0,  6.06927E-02
446.1,  6.08441E-02
446.2,  6.09959E-02
446.3,  6.11481E-02
446.4,  6.13007E-02
446.5,  6.14536E-02
446.6,  6.16067E-02
446.7,  6.17602E-02
446.8,  6.19139E-02
446.9,  6.20679E-02
447.0,  6.22221E-02
447.1,  6.23765E-02
447.2,  6.25311E-02
447.3,  6.26859E-02
447.4,  6.28408E-02
447.5,  6.29958E-02
447.6,  6.31510E-02
447.7,  6.33062E-02
447.8,  6.34615E-02
447.9,  6.36168E-02
448.0,  6.37721E-02
448.1,  6.39274E-02
448.2,  6.40827E-02
448.3,  6.42379E-02
448.4,  6.43931E-02
448.5,  6.45482E-02
448.6,  6.47031E-02
448.7,  6.48579E-02
448.8,  6.50125E-02
448.9,  6.51669E-02
449.0,  6.53211E-02
449.1,  6.54751E-02
449.2,  6.56288E-02
449.3,  6.57822E-02
449.4,  6.59353E-02
449.5,  6.60880E-02
449.6,  6.62404E-02
449.7,  6.63924E-02
449.8,  6.65439E-02
449.9,  6.66951E-02
450.0,  6.68457E-02
450.1,  6.69959E-02
450.2,  6.71456E-02
450.3,  6.72949E-02
450.4,  6.74438E-02
450.5,  6.75925E-02
450.6,  6.77408E-02
450.7,  6.78890E-02
450.8,  6.80370E-02
450.9,  6.81849E-02
451.0,  6.83327E-02
451.1,  6.84805E-02
451.2,  6.86284E-02
451.3,  6.87763E-02
451.4,  6.89244E-02
451.5,  6.90727E-02
451.6,  6.92212E-02
451.7,  6.93700E-02
451.8,  6.95192E-02
451.9,  6.96688E-02
452.0,  6.98188E-02
452.1,  6.99694E-02
452.2,  7.01205E-02
452.3,  7.02723E-02
452.4,  7.04247E-02
452.5,  7.05779E-02
452.6,  7.07319E-02
452.7,  7.08868E-02
452.8,  7.10425E-02
452.9,  7.11993E-02
453.0,  7.13570E-02
453.1,  7.15159E-02
453.2,  7.16759E-02
453.3,  7.18372E-02
453.4,  7.19997E-02
453.5,  7.21635E-02
453.6,  7.23288E-02
453.7,  7.24955E-02
453.8,  7.26638E-02
453.9,  7.28337E-02
454.0,  7.30052E-02
454.1,  7.31784E-02
454.2,  7.33535E-02
454.3,  7.35304E-02
454.4,  7.37092E-02
454.5,  7.38901E-02
454.6,  7.40730E-02
454.7,  7.42580E-02
454.8,  7.44452E-02
454.9,  7.46348E-02
455.0,  7.48266E-02
455.1,  7.50209E-02
455.2,  7.52177E-02
455.3,  7.54169E-02
455.4,  7.56186E-02
455.5,  7.58228E-02
455.6,  7.60296E-02
455.7,  7.62389E-02
455.8,  7.64509E-02
455.9,  7.66654E-02
456.0,  7.68826E-02
456.1,  7.71025E-02
456.2,  7.73251E-02
456.3,  7.75504E-02
456.4,  7.77785E-02
456.5,  7.80093E-02
456.6,  7.82430E-02
456.7,  7.84794E-02
456.8,  7.87188E-02
456.9,  7.89611E-02
457.0,  7.92062E-02
457.1,  7.94544E-02
457.2,  7.97055E-02
457.3,  7.99596E-02
457.4,  8.02168E-02
457.5,  8.04770E-02
457.6,  8.07404E-02
457.7,  8.10069E-02
457.8,  8.12766E-02
457.9,  8.15495E-02
458.0,  8.18256E-02
458.1,  8.21050E-02
458.2,  8.23878E-02
458.3,  8.26738E-02
458.4,  8.29633E-02
458.5,  8.32562E-02
458.6,  8.35525E-02
458.7,  8.38523E-02
458.8,  8.41557E-02
458.9,  8.44626E-02
459.0,  8.47732E-02
459.1,  8.50873E-02
459.2,  8.54052E-02
459.3,  8.57268E-02
459.4,  8.60522E-02
459.5,  8.63813E-02
459.6,  8.67144E-02
459.7,  8.70513E-02
459.8,  8.73921E-02
459.9,  8.77370E-02
460.0,  8.80858E-02
460.1,  8.84388E-02
460.2,  8.87957E-02
460.3,  8.91567E-02
460.4,  8.95216E-02
460.5,  8.98904E-02
460.6,  9.02630E-02
460.7,  9.06395E-02
460.8,  9.10198E-02
460.9,  9.14038E-02
461.0,  9.17915E-02
461.1,  9.21829E-02
461.2,  9.25778E-02
461.3,  9.29763E-02
461.4,  9.33782E-02
461.5,  9.37837E-02
461.6,  9.41925E-02
461.7,  9.46046E-02
461.8,  9.50200E-02
461.9,  9.54387E-02
462.0,  9.58605E-02
462.1,  9.62855E-02
462.2,  9.67135E-02
462.3,  9.71444E-02
462.4,  9.75784E-02
462.5,  9.80151E-02
462.6,  9.84547E-02
462.7,  9.88971E-02
462.8,  9.93421E-02
462.9,  9.97897E-02
463.0,  1.00240E-01
463.1,  1.00692E-01
463.2,  1.01147E-01
463.3,  1.01605E-01
463.4,  1.02064E-01
463.5,  1.02526E-01
463.6,  1.02990E-01
463.7,  1.03456E-01
463.8,  1.03923E-01
463.9,  1.04393E-01
464.0,  1.04864E-01
464.1,  1.05337E-01
464.2,  1.05812E-01
464.3,  1.06288E-01
464.4,  1.06765E-01
464.5,  1.07244E-01
464.6,  1.07724E-01
464.7,  1.08205E-01
464.8,  1.08687E-01
464.9,  1.09170E-01
465.0,  1.09653E-01
465.1,  1.10138E-01
465.2,  1.10623E-01
465.3,  1.11109E-01
465.4,  1.11595E-01
465.5,  1.12082E-01
465.6,  1.12570E-01
465.7,  1.13058E-01
465.8,  1.13547E-01
465.9,  1.14036E-01
466.0,  1.14526E-01
466.1,  1.15016E-01
466.2,  1.15507E-01
466.3,  1.15998E-01
466.4,  1.16490E-01
466.5,  1.16982E-01
466.6,  1.17474E-01
466.7,  1.17967E-01
466.8,  1.18460E-01
466.9,  1.18954E-01
467.0,  1.19447E-01
467.1,  1.19941E-01
467.2,  1.20435E-01
467.3,  1.20930E-01
467.4,  1.21424E-01
467.5,  1.21919E-01
467.6,  1.22414E-01
467.7,  1.22909E-01
467.8,  1.23404E-01
467.9,  1.23899E-01
468.0,  1.24394E-01
468.1,  1.24889E-01
468.2,  1.25384E-01
468.3,  1.25879E-01
468.4,  1.26373E-01
468.5,  1.26868E-01
468.6,  1.27363E-01
468.7,  1.27857E-01
468.8,  1.28351E-01
468.9,  1.28845E-01
469.0,  1.29339E-01
469.1,  1.29832E-01
469.2,  1.30325E-01
469.3,  1.30818E-01
469.4,  1.31310E-01
469.5,  1.31802E-01
469.6,  1.32293E-01
469.7,  1.32784E-01
469.8,  1.33274E-01
469.9,  1.33764E-01
470.0,  1.34254E-01
470.1,  1.34742E-01
470.2,  1.35230E-01
470.3,  1.35718E-01
470.4,  1.36205E-01
470.5,  1.36691E-01
470.6,  1.37177E-01
470.7,  1.37663E-01
470.8,  1.38148E-01
470.9,  1.38632E-01
471.0,  1.39116E-01
471.1,  1.39600E-01
471.2,  1.40083E-01
471.3,  1.40566E-01
471.4,  1.41049E-01
471.5,  1.41531E-01
471.6,  1.42013E-01
471.7,  1.42495E-01
471.8,  1.42976E-01
471.9,  1.43458E-01
472.0,  1.43939E-01
472.1,  1.44420E-01
472.2,  1.44901E-01
472.3,  1.45382E-01
472.4,  1.45862E-01
472.5,  1.46343E-01
472.6,  1.46824E-01
472.7,  1.47305E-01
472.8,  1.47785E-01
472.9,  1.48266E-01
473.0,  1.48747E-01
473.1,  1.49229E-01
473.2,  1.49710E-01
473.3,  1.50192E-01
473.4,  1.50674E-01
473.5,  1.51156E-01
473.6,  1.51639E-01
473.7,  1.52121E-01
473.8,  1.52605E-01
473.9,  1.53089E-01
474.0,  1.53573E-01
474.1,  1.54058E-01
474.2,  1.54543E-01
474.3,  1.55029E-01
474.4,  1.55516E-01
474.5,  1.56003E-01
474.6,  1.56491E-01
474.7,  1.56980E-01
474.8,  1.57469E-01
474.9,  1.57960E-01
475.0,  1.58451E-01
475.1,  1.58943E-01
475.2,  1.59436E-01
475.3,  1.59930E-01
475.4,  1.60425E-01
475.5,  1.60921E-01
475.6,  1.61418E-01
475.7,  1.61916E-01
475.8,  1.62415E-01
475.9,  1.62915E-01
476.0,  1.63415E-01
476.1,  1.63917E-01
476.2,  1.64420E-01
476.3,  1.64923E-01
476.4,  1.65428E-01
476.5,  1.65934E-01
476.6,  1.66440E-01
476.7,  1.66948E-01
476.8,  1.67456E-01
476.9,  1.67966E-01
477.0,  1.68476E-01
477.1,  1.68988E-01
477.2,  1.69500E-01
477.3,  1.70014E-01
477.4,  1.70528E-01
477.5,  1.71044E-01
477.6,  1.71561E-01
477.7,  1.72078E-01
477.8,  1.72597E-01
477.9,  1.73116E-01
478.0,  1.73637E-01
478.1,  1.74159E-01
478.2,  1.74681E-01
478.3,  1.75205E-01
478.4,  1.75730E-01
478.5,  1.76256E-01
478.6,  1.76783E-01
478.7,  1.77311E-01
478.8,  1.77840E-01
478.9,  1.78370E-01
479.0,  1.78901E-01
479.1,  1.79433E-01
479.2,  1.79967E-01
479.3,  1.80501E-01
479.4,  1.81037E-01
479.5,  1.81573E-01
479.6,  1.82111E-01
479.7,  1.82650E-01
479.8,  1.83189E-01
479.9,  1.83730E-01
480.0,  1.84273E-01
480.1,  1.84816E-01
480.2,  1.85360E-01
480.3,  1.85906E-01
480.4,  1.86452E-01
480.5,  1.87000E-01
480.6,  1.87548E-01
480.7,  1.88098E-01
480.8,  1.88649E-01
480.9,  1.89200E-01
481.0,  1.89753E-01
481.1,  1.90306E-01
481.2,  1.90861E-01
481.3,  1.91416E-01
481.4,  1.91973E-01
481.5,  1.92530E-01
481.6,  1.93088E-01
481.7,  1.93647E-01
481.8,  1.94207E-01
481.9,  1.94768E-01
482.0,  1.95329E-01
482.1,  1.95891E-01
482.2,  1.96454E-01
482.3,  1.97018E-01
482.4,  1.97583E-01
482.5,  1.98148E-01
482.6,  1.98714E-01
482.7,  1.99280E-01
482.8,  1.99848E-01
482.9,  2.00415E-01
483.0,  2.00984E-01
483.1,  2.01553E-01
483.2,  2.02123E-01
483.3,  2.02693E-01
483.4,  2.03263E-01
483.5,  2.03835E-01
483.6,  2.04406E-01
483.7,  2.04978E-01
483.8,  2.05551E-01
483.9,  2.06124E-01
484.0,  2.06697E-01
484.1,  2.07271E-01
484.2,  2.07845E-01
484.3,  2.08420E-01
484.4,  2.08995E-01
484.5,  2.09570E-01
484.6,  2.10145E-01
484.7,  2.10720E-01
484.8,  2.11296E-01
484.9,  2.11872E-01
485.0,  2.12448E-01
485.1,  2.13024E-01
485.2,  2.13601E-01
485.3,  2.14178E-01
485.4,  2.14755E-01
485.5,  2.15333E-01
485.6,  2.15912E-01
485.7,  2.16492E-01
485.8,  2.17072E-01
485.9,  2.17654E-01
486.0,  2.18237E-01
486.1,  2.18822E-01
486.2,  2.19408E-01
486.3,  2.19996E-01
486.4,  2.20586E-01
486.5,  2.21177E-01
486.6,  2.21771E-01
486.7,  2.22367E-01
486.8,  2.22966E-01
486.9,  2.23567E-01
487.0,  2.24171E-01
487.1,  2.24777E-01
487.2,  2.25387E-01
487.3,  2.26000E-01
487.4,  2.26616E-01
487.5,  2.27236E-01
487.6,  2.27859E-01
487.7,  2.28486E-01
487.8,  2.29117E-01
487.9,  2.29752E-01
488.0,  2.30392E-01
488.1,  2.31036E-01
488.2,  2.31684E-01
488.3,  2.32337E-01
488.4,  2.32996E-01
488.5,  2.33659E-01
488.6,  2.34328E-01
488.7,  2.35002E-01
488.8,  2.35682E-01
488.9,  2.36368E-01
489.0,  2.37060E-01
489.1,  2.37758E-01
489.2,  2.38462E-01
489.3,  2.39173E-01
489.4,  2.39891E-01
489.5,  2.40616E-01
489.6,  2.41348E-01
489.7,  2.42088E-01
489.8,  2.42835E-01
489.9,  2.43590E-01
490.0,  2.44352E-01
490.1,  2.45123E-01
490.2,  2.45903E-01
490.3,  2.46690E-01
490.4,  2.47486E-01
490.5,  2.48289E-01
490.6,  2.49101E-01
490.7,  2.49921E-01
490.8,  2.50748E-01
490.9,  2.51584E-01
491.0,  2.52428E-01
491.1,  2.53279E-01
491.2,  2.54139E-01
491.3,  2.55006E-01
491.4,  2.55881E-01
491.5,  2.56764E-01
491.6,  2.57655E-01
491.7,  2.58553E-01
491.8,  2.59459E-01
491.9,  2.60372E-01
492.0,  2.61293E-01
492.1,  2.62222E-01
492.2,  2.63158E-01
492.3,  2.64102E-01
492.4,  2.65053E-01
492.5,  2.66011E-01
492.6,  2.66977E-01
492.7,  2.67950E-01
492.8,  2.68930E-01
492.9,  2.69917E-01
493.0,  2.70912E-01
493.1,  2.71914E-01
493.2,  2.72922E-01
493.3,  2.73938E-01
493.4,  2.74961E-01
493.5,  2.75990E-01
493.6,  2.77026E-01
493.7,  2.78069E-01
493.8,  2.79119E-01
493.9,  2.80176E-01
494.0,  2.81239E-01
494.1,  2.82308E-01
494.2,  2.83384E-01
494.3,  2.84467E-01
494.4,  2.85555E-01
494.5,  2.86651E-01
494.6,  2.87752E-01
494.7,  2.88859E-01
494.8,  2.89973E-01
494.9,  2.91092E-01
495.0,  2.92218E-01
495.1,  2.93349E-01
495.2,  2.94486E-01
495.3,  2.95629E-01
495.4,  2.96778E-01
495.5,  2.97933E-01
495.6,  2.99094E-01
495.7,  3.00261E-01
495.8,  3.01434E-01
495.9,  3.02613E-01
496.0,  3.03798E-01
496.1,  3.04989E-01
496.2,  3.06186E-01
496.3,  3.07389E-01
496.4,  3.08598E-01
496.5,  3.09814E-01
496.6,  3.11035E-01
496.7,  3.12263E-01
496.8,  3.13497E-01
496.9,  3.14737E-01
497.0,  3.15984E-01
497.1,  3.17236E-01
497.2,  3.18495E-01
497.3,  3.19761E-01
497.4,  3.21032E-01
497.5,  3.22310E-01
497.6,  3.23594E-01
497.7,  3.24885E-01
497.8,  3.26182E-01
497.9,  3.27486E-01
498.0,  3.28796E-01
498.1,  3.30112E-01
498.2,  3.31435E-01
498.3,  3.32764E-01
498.4,  3.34100E-01
498.5,  3.35443E-01
498.6,  3.36792E-01
498.7,  3.38147E-01
498.8,  3.39509E-01
498.9,  3.40878E-01
499.0,  3.42254E-01
499.1,  3.43636E-01
499.2,  3.45024E-01
499.3,  3.46420E-01
499.4,  3.47822E-01
499.5,  3.49231E-01
499.6,  3.50646E-01
499.7,  3.52069E-01
499.8,  3.53498E-01
499.9,  3.54934E-01
500.0,  3.56376E-01
500.1,  3.57826E-01
500.2,  3.59282E-01
500.3,  3.60746E-01
500.4,  3.62216E-01
500.5,  3.63693E-01
500.6,  3.65176E-01
500.7,  3.66666E-01
500.8,  3.68163E-01
500.9,  3.69667E-01
501.0,  3.71178E-01
501.1,  3.72695E-01
501.2,  3.74219E-01
501.3,  3.75749E-01
501.4,  3.77286E-01
501.5,  3.78830E-01
501.6,  3.80380E-01
501.7,  3.81937E-01
501.8,  3.83500E-01
501.9,  3.85070E-01
502.0,  3.86646E-01
502.1,  3.88229E-01
502.2,  3.89819E-01
502.3,  3.91414E-01
502.4,  3.93016E-01
502.5,  3.94625E-01
502.6,  3.96239E-01
502.7,  3.97861E-01
502.8,  3.99488E-01
502.9,  4.01121E-01
503.0,  4.02761E-01
503.1,  4.04407E-01
503.2,  4.06059E-01
503.3,  4.07717E-01
503.4,  4.09382E-01
503.5,  4.11052E-01
503.6,  4.12728E-01
503.7,  4.14410E-01
503.8,  4.16099E-01
503.9,  4.17793E-01
504.0,  4.19493E-01
504.1,  4.21198E-01
504.2,  4.22910E-01
504.3,  4.24627E-01
504.4,  4.26350E-01
504.5,  4.28078E-01
504.6,  4.29812E-01
504.7,  4.31552E-01
504.8,  4.33297E-01
504.9,  4.35048E-01
505.0,  4.36804E-01
505.1,  4.38565E-01
505.2,  4.40332E-01
505.3,  4.42103E-01
505.4,  4.43881E-01
505.5,  4.45663E-01
505.6,  4.47450E-01
505.7,  4.49243E-01
505.8,  4.51041E-01
505.9,  4.52844E-01
506.0,  4.54651E-01
506.1,  4.56464E-01
506.2,  4.58282E-01
506.3,  4.60104E-01
506.4,  4.61932E-01
506.5,  4.63764E-01
506.6,  4.65601E-01
506.7,  4.67442E-01
506.8,  4.69289E-01
506.9,  4.71140E-01
507.0,  4.72995E-01
507.1,  4.74855E-01
507.2,  4.76720E-01
507.3,  4.78589E-01
507.4,  4.80462E-01
507.5,  4.82340E-01
507.6,  4.84221E-01
507.7,  4.86107E-01
507.8,  4.87998E-01
507.9,  4.89892E-01
508.0,  4.91790E-01
508.1,  4.93693E-01
508.2,  4.95599E-01
508.3,  4.97509E-01
508.4,  4.99423E-01
508.5,  5.01341E-01
508.6,  5.03262E-01
508.7,  5.05187E-01
508.8,  5.07116E-01
508.9,  5.09048E-01
509.0,  5.10984E-01
509.1,  5.12923E-01
509.2,  5.14865E-01
509.3,  5.16811E-01
509.4,  5.18759E-01
509.5,  5.20711E-01
509.6,  5.22666E-01
509.7,  5.24624E-01
509.8,  5.26585E-01
509.9,  5.28548E-01
510.0,  5.30514E-01
510.1,  5.32483E-01
510.2,  5.34455E-01
510.3,  5.36429E-01
510.4,  5.38406E-01
510.5,  5.40385E-01
510.6,  5.42367E-01
510.7,  5.44351E-01
510.8,  5.46338E-01
510.9,  5.48327E-01
511.0,  5.50318E-01
511.1,  5.52312E-01
511.2,  5.54308E-01
511.3,  5.56306E-01
511.4,  5.58306E-01
511.5,  5.60308E-01
511.6,  5.62313E-01
511.7,  5.64319E-01
511.8,  5.66327E-01
511.9,  5.68337E-01
512.0,  5.70350E-01
512.1,  5.72363E-01
512.2,  5.74379E-01
512.3,  5.76397E-01
512.4,  5.78416E-01
512.5,  5.80436E-01
512.6,  5.82459E-01
512.7,  5.84483E-01
512.8,  5.86508E-01
512.9,  5.88535E-01
513.0,  5.90563E-01
513.1,  5.92593E-01
513.2,  5.94623E-01
513.3,  5.96656E-01
513.4,  5.98689E-01
513.5,  6.00723E-01
513.6,  6.02759E-01
513.7,  6.04795E-01
513.8,  6.06833E-01
513.9,  6.08871E-01
514.0,  6.10910E-01
514.1,  6.12950E-01
514.2,  6.14991E-01
514.3,  6.17033E-01
514.4,  6.19075E-01
514.5,  6.21118E-01
514.6,  6.23161E-01
514.7,  6.25205E-01
514.8,  6.27249E-01
514.9,  6.29293E-01
515.0,  6.31338E-01
515.1,  6.33383E-01
515.2,  6.35428E-01
515.3,  6.37473E-01
515.4,  6.39518E-01
515.5,  6.41562E-01
515.6,  6.43605E-01
515.7,  6.45647E-01
515.8,  6.47688E-01
515.9,  6.49728E-01
516.0,  6.51765E-01
516.1,  6.53801E-01
516.2,  6.55835E-01
516.3,  6.57867E-01
516.4,  6.59896E-01
516.5,  6.61923E-01
516.6,  6.63946E-01
516.7,  6.65966E-01
516.8,  6.67983E-01
516.9,  6.69996E-01
517.0,  6.72005E-01
517.1,  6.74010E-01
517.2,  6.76010E-01
517.3,  6.78006E-01
517.4,  6.79997E-01
517.5,  6.81983E-01
517.6,  6.83964E-01
517.7,  6.85938E-01
517.8,  6.87907E-01
517.9,  6.89870E-01
518.0,  6.91826E-01
518.1,  6.93776E-01
518.2,  6.95718E-01
518.3,  6.97654E-01
518.4,  6.99582E-01
518.5,  7.01502E-01
518.6,  7.03415E-01
518.7,  7.05319E-01
518.8,  7.07214E-01
518.9,  7.09101E-01
519.0,  7.10978E-01
519.1,  7.12847E-01
519.2,  7.14705E-01
519.3,  7.16554E-01
519.4,  7.18392E-01
519.5,  7.20220E-01
519.6,  7.22038E-01
519.7,  7.23844E-01
519.8,  7.25639E-01
519.9,  7.27422E-01
520.0,  7.29193E-01
520.1,  7.30952E-01
520.2,  7.32699E-01
520.3,  7.34435E-01
520.4,  7.36158E-01
520.5,  7.37870E-01
520.6,  7.39570E-01
520.7,  7.41258E-01
520.8,  7.42936E-01
520.9,  7.44602E-01
521.0,  7.46257E-01
521.1,  7.47902E-01
521.2,  7.49536E-01
521.3,  7.51159E-01
521.4,  7.52772E-01
521.5,  7.54374E-01
521.6,  7.55967E-01
521.7,  7.57550E-01
521.8,  7.59122E-01
521.9,  7.60686E-01
522.0,  7.62240E-01
522.1,  7.63785E-01
522.2,  7.65320E-01
522.3,  7.66847E-01
522.4,  7.68365E-01
522.5,  7.69875E-01
522.6,  7.71376E-01
522.7,  7.72870E-01
522.8,  7.74355E-01
522.9,  7.75832E-01
523.0,  7.77302E-01
523.1,  7.78765E-01
523.2,  7.80220E-01
523.3,  7.81668E-01
523.4,  7.83110E-01
523.5,  7.84545E-01
523.6,  7.85973E-01
523.7,  7.87396E-01
523.8,  7.88812E-01
523.9,  7.90223E-01
524.0,  7.91628E-01
524.1,  7.93028E-01
524.2,  7.94422E-01
524.3,  7.95812E-01
524.4,  7.97197E-01
524.5,  7.98578E-01
524.6,  7.99954E-01
524.7,  8.01327E-01
524.8,  8.02695E-01
524.9,  8.04060E-01
525.0,  8.05422E-01
525.1,  8.06781E-01
525.2,  8.08136E-01
525.3,  8.09488E-01
525.4,  8.10837E-01
525.5,  8.12182E-01
525.6,  8.13523E-01
525.7,  8.14861E-01
525.8,  8.16196E-01
525.9,  8.17526E-01
526.0,  8.18852E-01
526.1,  8.20175E-01
526.2,  8.21493E-01
526.3,  8.22807E-01
526.4,  8.24117E-01
526.5,  8.25422E-01
526.6,  8.26723E-01
526.7,  8.28019E-01
526.8,  8.29311E-01
526.9,  8.30597E-01
527.0,  8.31879E-01
527.1,  8.33156E-01
527.2,  8.34427E-01
527.3,  8.35694E-01
527.4,  8.36955E-01
527.5,  8.38210E-01
527.6,  8.39461E-01
527.7,  8.40705E-01
527.8,  8.41944E-01
527.9,  8.43177E-01
528.0,  8.44404E-01
528.1,  8.45625E-01
528.2,  8.46840E-01
528.3,  8.48049E-01
528.4,  8.49251E-01
528.5,  8.50447E-01
528.6,  8.51637E-01
528.7,  8.52819E-01
528.8,  8.53995E-01
528.9,  8.55165E-01
529.0,  8.56327E-01
529.1,  8.57482E-01
529.2,  8.58630E-01
529.3,  8.59771E-01
529.4,  8.60904E-01
529.5,  8.62030E-01
529.6,  8.63148E-01
529.7,  8.64259E-01
529.8,  8.65362E-01
529.9,  8.66456E-01
530.0,  8.67543E-01
530.1,  8.68622E-01
530.2,  8.69693E-01
530.3,  8.70756E-01
530.4,  8.71812E-01
530.5,  8.72860E-01
530.6,  8.73901E-01
530.7,  8.74935E-01
530.8,  8.75963E-01
530.9,  8.76983E-01
531.0,  8.77998E-01
531.1,  8.79007E-01
531.2,  8.80009E-01
531.3,  8.81006E-01
531.4,  8.81998E-01
531.5,  8.82984E-01
531.6,  8.83965E-01
531.7,  8.84942E-01
531.8,  8.85913E-01
531.9,  8.86881E-01
532.0,  8.87844E-01
532.1,  8.88803E-01
532.2,  8.89759E-01
532.3,  8.90711E-01
532.4,  8.91659E-01
532.5,  8.92605E-01
532.6,  8.93548E-01
532.7,  8.94488E-01
532.8,  8.95426E-01
532.9,  8.96362E-01
533.0,  8.97296E-01
533.1,  8.98228E-01
533.2,  8.99158E-01
533.3,  9.00088E-01
533.4,  9.01016E-01
533.5,  9.01944E-01
533.6,  9.02871E-01
533.7,  9.03798E-01
533.8,  9.04725E-01
533.9,  9.05652E-01
534.0,  9.06579E-01
534.1,  9.07507E-01
534.2,  9.08436E-01
534.3,  9.09367E-01
534.4,  9.10298E-01
534.5,  9.11232E-01
534.6,  9.12167E-01
534.7,  9.13104E-01
534.8,  9.14044E-01
534.9,  9.14986E-01
535.0,  9.15931E-01
535.1,  9.16880E-01
535.2,  9.17831E-01
535.3,  9.18785E-01
535.4,  9.19741E-01
535.5,  9.20699E-01
535.6,  9.21660E-01
535.7,  9.22622E-01
535.8,  9.23585E-01
535.9,  9.24549E-01
536.0,  9.25514E-01
536.1,  9.26480E-01
536.2,  9.27446E-01
536.3,  9.28412E-01
536.4,  9.29378E-01
536.5,  9.30344E-01
536.6,  9.31309E-01
536.7,  9.32273E-01
536.8,  9.33235E-01
536.9,  9.34196E-01
537.0,  9.35155E-01
537.1,  9.36112E-01
537.2,  9.37067E-01
537.3,  9.38019E-01
537.4,  9.38969E-01
537.5,  9.39915E-01
537.6,  9.40857E-01
537.7,  9.41796E-01
537.8,  9.42731E-01
537.9,  9.43661E-01
538.0,  9.44587E-01
538.1,  9.45509E-01
538.2,  9.46425E-01
538.3,  9.47335E-01
538.4,  9.48240E-01
538.5,  9.49139E-01
538.6,  9.50032E-01
538.7,  9.50918E-01
538.8,  9.51797E-01
538.9,  9.52669E-01
539.0,  9.53533E-01
539.1,  9.54390E-01
539.2,  9.55239E-01
539.3,  9.56080E-01
539.4,  9.56912E-01
539.5,  9.57735E-01
539.6,  9.58549E-01
539.7,  9.59353E-01
539.8,  9.60147E-01
539.9,  9.60932E-01
540.0,  9.61706E-01
540.1,  9.62469E-01
540.2,  9.63222E-01
540.3,  9.63964E-01
540.4,  9.64696E-01
540.5,  9.65416E-01
540.6,  9.66126E-01
540.7,  9.66825E-01
540.8,  9.67514E-01
540.9,  9.68191E-01
541.0,  9.68858E-01
541.1,  9.69514E-01
541.2,  9.70160E-01
541.3,  9.70794E-01
541.4,  9.71418E-01
541.5,  9.72031E-01
541.6,  9.72633E-01
541.7,  9.73224E-01
541.8,  9.73805E-01
541.9,  9.74375E-01
542.0,  9.74934E-01
542.1,  9.75482E-01
542.2,  9.76019E-01
542.3,  9.76546E-01
542.4,  9.77061E-01
542.5,  9.77566E-01
542.6,  9.78060E-01
542.7,  9.78544E-01
542.8,  9.79016E-01
542.9,  9.79478E-01
543.0,  9.79928E-01
543.1,  9.80368E-01
543.2,  9.80797E-01
543.3,  9.81216E-01
543.4,  9.81623E-01
543.5,  9.82020E-01
543.6,  9.82406E-01
543.7,  9.82781E-01
543.8,  9.83145E-01
543.9,  9.83498E-01
544.0,  9.83841E-01
544.1,  9.84173E-01
544.2,  9.84494E-01
544.3,  9.84804E-01
544.4,  9.85104E-01
544.5,  9.85393E-01
544.6,  9.85671E-01
544.7,  9.85938E-01
544.8,  9.86195E-01
544.9,  9.86441E-01
545.0,  9.86676E-01
545.1,  9.86900E-01
545.2,  9.87114E-01
545.3,  9.87318E-01
545.4,  9.87513E-01
545.5,  9.87698E-01
545.6,  9.87874E-01
545.7,  9.88041E-01
545.8,  9.88201E-01
545.9,  9.88352E-01
546.0,  9.88495E-01
546.1,  9.88632E-01
546.2,  9.88761E-01
546.3,  9.88884E-01
546.4,  9.89000E-01
546.5,  9.89111E-01
546.6,  9.89216E-01
546.7,  9.89317E-01
546.8,  9.89412E-01
546.9,  9.89503E-01
547.0,  9.89589E-01
547.1,  9.89672E-01
547.2,  9.89752E-01
547.3,  9.89828E-01
547.4,  9.89902E-01
547.5,  9.89973E-01
547.6,  9.90043E-01
547.7,  9.90110E-01
547.8,  9.90177E-01
547.9,  9.90242E-01
548.0,  9.90307E-01
548.1,  9.90371E-01
548.2,  9.90436E-01
548.3,  9.90501E-01
548.4,  9.90567E-01
548.5,  9.90634E-01
548.6,  9.90702E-01
548.7,  9.90773E-01
548.8,  9.90845E-01
548.9,  9.90920E-01
549.0,  9.90998E-01
549.1,  9.91080E-01
549.2,  9.91165E-01
549.3,  9.91254E-01
549.4,  9.91347E-01
549.5,  9.91445E-01
549.6,  9.91547E-01
549.7,  9.91656E-01
549.8,  9.91770E-01
549.9,  9.91890E-01
550.0,  9.92016E-01
550.1,  9.92150E-01
550.2,  9.92289E-01
550.3,  9.92435E-01
550.4,  9.92587E-01
550.5,  9.92744E-01
550.6,  9.92906E-01
550.7,  9.93073E-01
550.8,  9.93244E-01
550.9,  9.93419E-01
551.0,  9.93599E-01
551.1,  9.93781E-01
551.2,  9.93967E-01
551.3,  9.94155E-01
551.4,  9.94346E-01
551.5,  9.94538E-01
551.6,  9.94733E-01
551.7,  9.94929E-01
551.8,  9.95125E-01
551.9,  9.95323E-01
552.0,  9.95521E-01
552.1,  9.95718E-01
552.2,  9.95916E-01
552.3,  9.96113E-01
552.4,  9.96308E-01
552.5,  9.96503E-01
552.6,  9.96695E-01
552.7,  9.96886E-01
552.8,  9.97074E-01
552.9,  9.97259E-01
553.0,  9.97442E-01
553.1,  9.97620E-01
553.2,  9.97796E-01
553.3,  9.97966E-01
553.4,  9.98133E-01
553.5,  9.98295E-01
553.6,  9.98451E-01
553.7,  9.98602E-01
553.8,  9.98747E-01
553.9,  9.98886E-01
554.0,  9.99019E-01
554.1,  9.99144E-01
554.2,  9.99263E-01
554.3,  9.99373E-01
554.4,  9.99476E-01
554.5,  9.99571E-01
554.6,  9.99657E-01
554.7,  9.99734E-01
554.8,  9.99801E-01
554.9,  9.99860E-01
555.0,  9.99908E-01
555.1,  9.99946E-01
555.2,  9.99974E-01
555.3,  9.99992E-01
555.4,  1.00000E+00
555.5,  9.99999E-01
555.6,  9.99989E-01
555.7,  9.99970E-01
555.8,  9.99943E-01
555.9,  9.99907E-01
556.0,  9.99863E-01
556.1,  9.99811E-01
556.2,  9.99751E-01
556.3,  9.99684E-01
556.4,  9.99610E-01
556.5,  9.99529E-01
556.6,  9.99441E-01
556.7,  9.99347E-01
556.8,  9.99246E-01
556.9,  9.99140E-01
557.0,  9.99028E-01
557.1,  9.98910E-01
557.2,  9.98787E-01
557.3,  9.98659E-01
557.4,  9.98527E-01
557.5,  9.98390E-01
557.6,  9.98248E-01
557.7,  9.98103E-01
557.8,  9.97954E-01
557.9,  9.97801E-01
558.0,  9.97645E-01
558.1,  9.97486E-01
558.2,  9.97324E-01
558.3,  9.97159E-01
558.4,  9.96992E-01
558.5,  9.96823E-01
558.6,  9.96652E-01
558.7,  9.96480E-01
558.8,  9.96306E-01
558.9,  9.96131E-01
559.0,  9.95955E-01
559.1,  9.95778E-01
559.2,  9.95601E-01
559.3,  9.95424E-01
559.4,  9.95246E-01
559.5,  9.95069E-01
559.6,  9.94893E-01
559.7,  9.94717E-01
559.8,  9.94542E-01
559.9,  9.94368E-01
560.0,  9.94196E-01
560.1,  9.94025E-01
560.2,  9.93856E-01
560.3,  9.93689E-01
560.4,  9.93522E-01
560.5,  9.93356E-01
560.6,  9.93192E-01
560.7,  9.93028E-01
560.8,  9.92865E-01
560.9,  9.92702E-01
561.0,  9.92539E-01
561.1,  9.92376E-01
561.2,  9.92214E-01
561.3,  9.92051E-01
561.4,  9.91888E-01
561.5,  9.91724E-01
561.6,  9.91560E-01
561.7,  9.91394E-01
561.8,  9.91228E-01
561.9,  9.91061E-01
562.0,  9.90892E-01
562.1,  9.90722E-01
562.2,  9.90550E-01
562.3,  9.90377E-01
562.4,  9.90202E-01
562.5,  9.90024E-01
562.6,  9.89844E-01
562.7,  9.89662E-01
562.8,  9.89478E-01
562.9,  9.89291E-01
563.0,  9.89101E-01
563.1,  9.88908E-01
563.2,  9.88712E-01
563.3,  9.88512E-01
563.4,  9.88310E-01
563.5,  9.88103E-01
563.6,  9.87893E-01
563.7,  9.87679E-01
563.8,  9.87462E-01
563.9,  9.87239E-01
564.0,  9.87013E-01
564.1,  9.86782E-01
564.2,  9.86547E-01
564.3,  9.86307E-01
564.4,  9.86062E-01
564.5,  9.85812E-01
564.6,  9.85556E-01
564.7,  9.85296E-01
564.8,  9.85030E-01
564.9,  9.84758E-01
565.0,  9.84481E-01
565.1,  9.84197E-01
565.2,  9.83908E-01
565.3,  9.83613E-01
565.4,  9.83312E-01
565.5,  9.83006E-01
565.6,  9.82694E-01
565.7,  9.82376E-01
565.8,  9.82052E-01
565.9,  9.81723E-01
566.0,  9.81388E-01
566.1,  9.81048E-01
566.2,  9.80702E-01
566.3,  9.80351E-01
566.4,  9.79995E-01
566.5,  9.79633E-01
566.6,  9.79265E-01
566.7,  9.78893E-01
566.8,  9.78515E-01
566.9,  9.78132E-01
567.0,  9.77743E-01
567.1,  9.77350E-01
567.2,  9.76951E-01
567.3,  9.76548E-01
567.4,  9.76139E-01
567.5,  9.75725E-01
567.6,  9.75307E-01
567.7,  9.74883E-01
567.8,  9.74454E-01
567.9,  9.74021E-01
568.0,  9.73583E-01
568.1,  9.73140E-01
568.2,  9.72692E-01
568.3,  9.72239E-01
568.4,  9.71782E-01
568.5,  9.71320E-01
568.6,  9.70854E-01
568.7,  9.70383E-01
568.8,  9.69907E-01
568.9,  9.69427E-01
569.0,  9.68943E-01
569.1,  9.68454E-01
569.2,  9.67960E-01
569.3,  9.67462E-01
569.4,  9.66960E-01
569.5,  9.66454E-01
569.6,  9.65943E-01
569.7,  9.65428E-01
569.8,  9.64909E-01
569.9,  9.64385E-01
570.0,  9.63858E-01
570.1,  9.63326E-01
570.2,  9.62790E-01
570.3,  9.62250E-01
570.4,  9.61705E-01
570.5,  9.61156E-01
570.6,  9.60602E-01
570.7,  9.60042E-01
570.8,  9.59478E-01
570.9,  9.58908E-01
571.0,  9.58333E-01
571.1,  9.57753E-01
571.2,  9.57167E-01
571.3,  9.56575E-01
571.4,  9.55977E-01
571.5,  9.55373E-01
571.6,  9.54763E-01
571.7,  9.54146E-01
571.8,  9.53523E-01
571.9,  9.52894E-01
572.0,  9.52257E-01
572.1,  9.51614E-01
572.2,  9.50964E-01
572.3,  9.50306E-01
572.4,  9.49642E-01
572.5,  9.48970E-01
572.6,  9.48290E-01
572.7,  9.47603E-01
572.8,  9.46908E-01
572.9,  9.46205E-01
573.0,  9.45494E-01
573.1,  9.44774E-01
573.2,  9.44047E-01
573.3,  9.43311E-01
573.4,  9.42566E-01
573.5,  9.41813E-01
573.6,  9.41051E-01
573.7,  9.40280E-01
573.8,  9.39500E-01
573.9,  9.38711E-01
574.0,  9.37913E-01
574.1,  9.37105E-01
574.2,  9.36288E-01
574.3,  9.35461E-01
574.4,  9.34624E-01
574.5,  9.33778E-01
574.6,  9.32921E-01
574.7,  9.32055E-01
574.8,  9.31178E-01
574.9,  9.30291E-01
575.0,  9.29393E-01
575.1,  9.28485E-01
575.2,  9.27567E-01
575.3,  9.26640E-01
575.4,  9.25703E-01
575.5,  9.24757E-01
575.6,  9.23803E-01
575.7,  9.22841E-01
575.8,  9.21871E-01
575.9,  9.20894E-01
576.0,  9.19911E-01
576.1,  9.18921E-01
576.2,  9.17926E-01
576.3,  9.16925E-01
576.4,  9.15919E-01
576.5,  9.14908E-01
576.6,  9.13893E-01
576.7,  9.12874E-01
576.8,  9.11852E-01
576.9,  9.10827E-01
577.0,  9.09799E-01
577.1,  9.08769E-01
577.2,  9.07738E-01
577.3,  9.06705E-01
577.4,  9.05671E-01
577.5,  9.04636E-01
577.6,  9.03601E-01
577.7,  9.02566E-01
577.8,  9.01532E-01
577.9,  9.00499E-01
578.0,  8.99468E-01
578.1,  8.98438E-01
578.2,  8.97410E-01
578.3,  8.96384E-01
578.4,  8.95362E-01
578.5,  8.94343E-01
578.6,  8.93327E-01
578.7,  8.92316E-01
578.8,  8.91309E-01
578.9,  8.90306E-01
579.0,  8.89309E-01
579.1,  8.88318E-01
579.2,  8.87332E-01
579.3,  8.86352E-01
579.4,  8.85379E-01
579.5,  8.84413E-01
579.6,  8.83455E-01
579.7,  8.82504E-01
579.8,  8.81561E-01
579.9,  8.80626E-01
580.0,  8.79700E-01
580.1,  8.78784E-01
580.2,  8.77876E-01
580.3,  8.76976E-01
580.4,  8.76085E-01
580.5,  8.75201E-01
580.6,  8.74325E-01
580.7,  8.73456E-01
580.8,  8.72594E-01
580.9,  8.71738E-01
581.0,  8.70889E-01
581.1,  8.70045E-01
581.2,  8.69207E-01
581.3,  8.68374E-01
581.4,  8.67545E-01
581.5,  8.66722E-01
581.6,  8.65902E-01
581.7,  8.65087E-01
581.8,  8.64275E-01
581.9,  8.63466E-01
582.0,  8.62660E-01
582.1,  8.61857E-01
582.2,  8.61056E-01
582.3,  8.60258E-01
582.4,  8.59460E-01
582.5,  8.58665E-01
582.6,  8.57870E-01
582.7,  8.57076E-01
582.8,  8.56282E-01
582.9,  8.55489E-01
583.0,  8.54696E-01
583.1,  8.53901E-01
583.2,  8.53107E-01
583.3,  8.52311E-01
583.4,  8.51513E-01
583.5,  8.50714E-01
583.6,  8.49913E-01
583.7,  8.49110E-01
583.8,  8.48304E-01
583.9,  8.47495E-01
584.0,  8.46683E-01
584.1,  8.45867E-01
584.2,  8.45048E-01
584.3,  8.44224E-01
584.4,  8.43396E-01
584.5,  8.42564E-01
584.6,  8.41726E-01
584.7,  8.40883E-01
584.8,  8.40035E-01
584.9,  8.39180E-01
585.0,  8.38320E-01
585.1,  8.37453E-01
585.2,  8.36579E-01
585.3,  8.35700E-01
585.4,  8.34814E-01
585.5,  8.33921E-01
585.6,  8.33023E-01
585.7,  8.32118E-01
585.8,  8.31208E-01
585.9,  8.30291E-01
586.0,  8.29368E-01
586.1,  8.28440E-01
586.2,  8.27505E-01
586.3,  8.26565E-01
586.4,  8.25619E-01
586.5,  8.24668E-01
586.6,  8.23711E-01
586.7,  8.22748E-01
586.8,  8.21780E-01
586.9,  8.20806E-01
587.0,  8.19827E-01
587.1,  8.18843E-01
587.2,  8.17853E-01
587.3,  8.16858E-01
587.4,  8.15858E-01
587.5,  8.14853E-01
587.6,  8.13843E-01
587.7,  8.12828E-01
587.8,  8.11808E-01
587.9,  8.10784E-01
588.0,  8.09754E-01
588.1,  8.08720E-01
588.2,  8.07681E-01
588.3,  8.06637E-01
588.4,  8.05589E-01
588.5,  8.04537E-01
588.6,  8.03480E-01
588.7,  8.02419E-01
588.8,  8.01353E-01
588.9,  8.00284E-01
589.0,  7.99210E-01
589.1,  7.98132E-01
589.2,  7.97050E-01
589.3,  7.95964E-01
589.4,  7.94874E-01
589.5,  7.93780E-01
589.6,  7.92683E-01
589.7,  7.91582E-01
589.8,  7.90477E-01
589.9,  7.89368E-01
590.0,  7.88256E-01
590.1,  7.87141E-01
590.2,  7.86022E-01
590.3,  7.84900E-01
590.4,  7.83774E-01
590.5,  7.82645E-01
590.6,  7.81513E-01
590.7,  7.80378E-01
590.8,  7.79239E-01
590.9,  7.78097E-01
591.0,  7.76952E-01
591.1,  7.75804E-01
591.2,  7.74653E-01
591.3,  7.73499E-01
591.4,  7.72341E-01
591.5,  7.71181E-01
591.6,  7.70017E-01
591.7,  7.68851E-01
591.8,  7.67682E-01
591.9,  7.66510E-01
592.0,  7.65335E-01
592.1,  7.64157E-01
592.2,  7.62976E-01
592.3,  7.61793E-01
592.4,  7.60607E-01
592.5,  7.59418E-01
592.6,  7.58227E-01
592.7,  7.57032E-01
592.8,  7.55836E-01
592.9,  7.54636E-01
593.0,  7.53434E-01
593.1,  7.52230E-01
593.2,  7.51023E-01
593.3,  7.49813E-01
593.4,  7.48601E-01
593.5,  7.47387E-01
593.6,  7.46170E-01
593.7,  7.44951E-01
593.8,  7.43730E-01
593.9,  7.42506E-01
594.0,  7.41279E-01
594.1,  7.40051E-01
594.2,  7.38820E-01
594.3,  7.37587E-01
594.4,  7.36352E-01
594.5,  7.35115E-01
594.6,  7.33876E-01
594.7,  7.32634E-01
594.8,  7.31390E-01
594.9,  7.30145E-01
595.0,  7.28897E-01
595.1,  7.27647E-01
595.2,  7.26395E-01
595.3,  7.25141E-01
595.4,  7.23886E-01
595.5,  7.22628E-01
595.6,  7.21369E-01
595.7,  7.20108E-01
595.8,  7.18845E-01
595.9,  7.17581E-01
596.0,  7.16315E-01
596.1,  7.15047E-01
596.2,  7.13778E-01
596.3,  7.12507E-01
596.4,  7.11235E-01
596.5,  7.09962E-01
596.6,  7.08687E-01
596.7,  7.07410E-01
596.8,  7.06133E-01
596.9,  7.04854E-01
597.0,  7.03574E-01
597.1,  7.02293E-01
597.2,  7.01011E-01
597.3,  6.99728E-01
597.4,  6.98444E-01
597.5,  6.97159E-01
597.6,  6.95873E-01
597.7,  6.94586E-01
597.8,  6.93298E-01
597.9,  6.92009E-01
598.0,  6.90720E-01
598.1,  6.89430E-01
598.2,  6.88139E-01
598.3,  6.86848E-01
598.4,  6.85556E-01
598.5,  6.84263E-01
598.6,  6.82970E-01
598.7,  6.81677E-01
598.8,  6.80383E-01
598.9,  6.79088E-01
599.0,  6.77794E-01
599.1,  6.76499E-01
599.2,  6.75204E-01
599.3,  6.73908E-01
599.4,  6.72613E-01
599.5,  6.71317E-01
599.6,  6.70021E-01
599.7,  6.68726E-01
599.8,  6.67430E-01
599.9,  6.66134E-01
600.0,  6.64838E-01
600.1,  6.63543E-01
600.2,  6.62247E-01
600.3,  6.60951E-01
600.4,  6.59656E-01
600.5,  6.58360E-01
600.6,  6.57065E-01
600.7,  6.55769E-01
600.8,  6.54473E-01
600.9,  6.53176E-01
601.0,  6.51880E-01
601.1,  6.50583E-01
601.2,  6.49286E-01
601.3,  6.47988E-01
601.4,  6.46690E-01
601.5,  6.45391E-01
601.6,  6.44092E-01
601.7,  6.42793E-01
601.8,  6.41492E-01
601.9,  6.40192E-01
602.0,  6.38890E-01
602.1,  6.37588E-01
602.2,  6.36285E-01
602.3,  6.34981E-01
602.4,  6.33676E-01
602.5,  6.32371E-01
602.6,  6.31064E-01
602.7,  6.29757E-01
602.8,  6.28448E-01
602.9,  6.27139E-01
603.0,  6.25828E-01
603.1,  6.24517E-01
603.2,  6.23204E-01
603.3,  6.21890E-01
603.4,  6.20575E-01
603.5,  6.19258E-01
603.6,  6.17940E-01
603.7,  6.16621E-01
603.8,  6.15301E-01
603.9,  6.13979E-01
604.0,  6.12656E-01
604.1,  6.11331E-01
604.2,  6.10005E-01
604.3,  6.08677E-01
604.4,  6.07347E-01
604.5,  6.06016E-01
604.6,  6.04684E-01
604.7,  6.03349E-01
604.8,  6.02013E-01
604.9,  6.00676E-01
605.0,  5.99336E-01
605.1,  5.97995E-01
605.2,  5.96651E-01
605.3,  5.95307E-01
605.4,  5.93960E-01
605.5,  5.92612E-01
605.6,  5.91262E-01
605.7,  5.89911E-01
605.8,  5.88559E-01
605.9,  5.87205E-01
606.0,  5.85850E-01
606.1,  5.84494E-01
606.2,  5.83136E-01
606.3,  5.81777E-01
606.4,  5.80417E-01
606.5,  5.79057E-01
606.6,  5.77695E-01
606.7,  5.76332E-01
606.8,  5.74968E-01
606.9,  5.73604E-01
607.0,  5.72239E-01
607.1,  5.70873E-01
607.2,  5.69507E-01
607.3,  5.68139E-01
607.4,  5.66772E-01
607.5,  5.65404E-01
607.6,  5.64035E-01
607.7,  5.62666E-01
607.8,  5.61297E-01
607.9,  5.59927E-01
608.0,  5.58557E-01
608.1,  5.57187E-01
608.2,  5.55817E-01
608.3,  5.54446E-01
608.4,  5.53076E-01
608.5,  5.51706E-01
608.6,  5.50335E-01
608.7,  5.48965E-01
608.8,  5.47595E-01
608.9,  5.46225E-01
609.0,  5.44855E-01
609.1,  5.43486E-01
609.2,  5.42117E-01
609.3,  5.40748E-01
609.4,  5.39380E-01
609.5,  5.38012E-01
609.6,  5.36644E-01
609.7,  5.35278E-01
609.8,  5.33911E-01
609.9,  5.32546E-01
610.0,  5.31181E-01
610.1,  5.29817E-01
610.2,  5.28453E-01
610.3,  5.27091E-01
610.4,  5.25729E-01
610.5,  5.24367E-01
610.6,  5.23007E-01
610.7,  5.21647E-01
610.8,  5.20287E-01
610.9,  5.18929E-01
611.0,  5.17571E-01
611.1,  5.16214E-01
611.2,  5.14857E-01
611.3,  5.13501E-01
611.4,  5.12146E-01
611.5,  5.10791E-01
611.6,  5.09437E-01
611.7,  5.08084E-01
611.8,  5.06731E-01
611.9,  5.05379E-01
612.0,  5.04028E-01
612.1,  5.02677E-01
612.2,  5.01327E-01
612.3,  4.99978E-01
612.4,  4.98629E-01
612.5,  4.97281E-01
612.6,  4.95933E-01
612.7,  4.94586E-01
612.8,  4.93240E-01
612.9,  4.91894E-01
613.0,  4.90549E-01
613.1,  4.89204E-01
613.2,  4.87860E-01
613.3,  4.86517E-01
613.4,  4.85174E-01
613.5,  4.83832E-01
613.6,  4.82490E-01
613.7,  4.81149E-01
613.8,  4.79809E-01
613.9,  4.78469E-01
614.0,  4.77130E-01
614.1,  4.75791E-01
614.2,  4.74453E-01
614.3,  4.73116E-01
614.4,  4.71779E-01
614.5,  4.70443E-01
614.6,  4.69108E-01
614.7,  4.67773E-01
614.8,  4.66438E-01
614.9,  4.65104E-01
615.0,  4.63771E-01
615.1,  4.62439E-01
615.2,  4.61107E-01
615.3,  4.59776E-01
615.4,  4.58445E-01
615.5,  4.57116E-01
615.6,  4.55787E-01
615.7,  4.54459E-01
615.8,  4.53133E-01
615.9,  4.51807E-01
616.0,  4.50483E-01
616.1,  4.49160E-01
616.2,  4.47839E-01
616.3,  4.46518E-01
616.4,  4.45200E-01
616.5,  4.43882E-01
616.6,  4.42566E-01
616.7,  4.41252E-01
616.8,  4.39940E-01
616.9,  4.38629E-01
617.0,  4.37320E-01
617.1,  4.36013E-01
617.2,  4.34708E-01
617.3,  4.33405E-01
617.4,  4.32103E-01
617.5,  4.30804E-01
617.6,  4.29507E-01
617.7,  4.28213E-01
617.8,  4.26920E-01
617.9,  4.25630E-01
618.0,  4.24342E-01
618.1,  4.23056E-01
618.2,  4.21773E-01
618.3,  4.20492E-01
618.4,  4.19214E-01
618.5,  4.17939E-01
618.6,  4.16666E-01
618.7,  4.15396E-01
618.8,  4.14128E-01
618.9,  4.12864E-01
619.0,  4.11602E-01
619.1,  4.10343E-01
619.2,  4.09087E-01
619.3,  4.07834E-01
619.4,  4.06584E-01
619.5,  4.05337E-01
619.6,  4.04093E-01
619.7,  4.02852E-01
619.8,  4.01615E-01
619.9,  4.00380E-01
620.0,  3.99149E-01
620.1,  3.97922E-01
620.2,  3.96697E-01
620.3,  3.95475E-01
620.4,  3.94257E-01
620.5,  3.93041E-01
620.6,  3.91828E-01
620.7,  3.90617E-01
620.8,  3.89409E-01
620.9,  3.88203E-01
621.0,  3.86999E-01
621.1,  3.85798E-01
621.2,  3.84598E-01
621.3,  3.83400E-01
621.4,  3.82204E-01
621.5,  3.81010E-01
621.6,  3.79816E-01
621.7,  3.78625E-01
621.8,  3.77434E-01
621.9,  3.76245E-01
622.0,  3.75057E-01
622.1,  3.73870E-01
622.2,  3.72683E-01
622.3,  3.71498E-01
622.4,  3.70313E-01
622.5,  3.69128E-01
622.6,  3.67944E-01
622.7,  3.66761E-01
622.8,  3.65577E-01
622.9,  3.64394E-01
623.0,  3.63210E-01
623.1,  3.62027E-01
623.2,  3.60844E-01
623.3,  3.59660E-01
623.4,  3.58476E-01
623.5,  3.57292E-01
623.6,  3.56107E-01
623.7,  3.54921E-01
623.8,  3.53735E-01
623.9,  3.52548E-01
624.0,  3.51360E-01
624.1,  3.50172E-01
624.2,  3.48982E-01
624.3,  3.47791E-01
624.4,  3.46599E-01
624.5,  3.45406E-01
624.6,  3.44212E-01
624.7,  3.43016E-01
624.8,  3.41819E-01
624.9,  3.40620E-01
625.0,  3.39420E-01
625.1,  3.38218E-01
625.2,  3.37015E-01
625.3,  3.35810E-01
625.4,  3.34604E-01
625.5,  3.33397E-01
625.6,  3.32188E-01
625.7,  3.30979E-01
625.8,  3.29769E-01
625.9,  3.28558E-01
626.0,  3.27347E-01
626.1,  3.26135E-01
626.2,  3.24923E-01
626.3,  3.23711E-01
626.4,  3.22499E-01
626.5,  3.21286E-01
626.6,  3.20074E-01
626.7,  3.18862E-01
626.8,  3.17650E-01
626.9,  3.16439E-01
627.0,  3.15228E-01
627.1,  3.14017E-01
627.2,  3.12808E-01
627.3,  3.11599E-01
627.4,  3.10391E-01
627.5,  3.09185E-01
627.6,  3.07979E-01
627.7,  3.06774E-01
627.8,  3.05571E-01
627.9,  3.04370E-01
628.0,  3.03169E-01
628.1,  3.01971E-01
628.2,  3.00774E-01
628.3,  2.99579E-01
628.4,  2.98385E-01
628.5,  2.97194E-01
628.6,  2.96004E-01
628.7,  2.94817E-01
628.8,  2.93632E-01
628.9,  2.92449E-01
629.0,  2.91269E-01
629.1,  2.90091E-01
629.2,  2.88915E-01
629.3,  2.87742E-01
629.4,  2.86572E-01
629.5,  2.85405E-01
629.6,  2.84240E-01
629.7,  2.83078E-01
629.8,  2.81920E-01
629.9,  2.80764E-01
630.0,  2.79611E-01
630.1,  2.78462E-01
630.2,  2.77315E-01
630.3,  2.76172E-01
630.4,  2.75032E-01
630.5,  2.73896E-01
630.6,  2.72762E-01
630.7,  2.71632E-01
630.8,  2.70505E-01
630.9,  2.69381E-01
631.0,  2.68261E-01
631.1,  2.67144E-01
631.2,  2.66030E-01
631.3,  2.64920E-01
631.4,  2.63812E-01
631.5,  2.62708E-01
631.6,  2.61608E-01
631.7,  2.60511E-01
631.8,  2.59417E-01
631.9,  2.58326E-01
632.0,  2.57239E-01
632.1,  2.56155E-01
632.2,  2.55075E-01
632.3,  2.53998E-01
632.4,  2.52925E-01
632.5,  2.51854E-01
632.6,  2.50788E-01
632.7,  2.49724E-01
632.8,  2.48664E-01
632.9,  2.47608E-01
633.0,  2.46555E-01
633.1,  2.45505E-01
633.2,  2.44459E-01
633.3,  2.43416E-01
633.4,  2.42377E-01
633.5,  2.41341E-01
633.6,  2.40308E-01
633.7,  2.39280E-01
633.8,  2.38254E-01
633.9,  2.37232E-01
634.0,  2.36214E-01
634.1,  2.35199E-01
634.2,  2.34187E-01
634.3,  2.33179E-01
634.4,  2.32174E-01
634.5,  2.31173E-01
634.6,  2.30176E-01
634.7,  2.29182E-01
634.8,  2.28191E-01
634.9,  2.27204E-01
635.0,  2.26221E-01
635.1,  2.25241E-01
635.2,  2.24264E-01
635.3,  2.23291E-01
635.4,  2.22321E-01
635.5,  2.21355E-01
635.6,  2.20393E-01
635.7,  2.19434E-01
635.8,  2.18478E-01
635.9,  2.17526E-01
636.0,  2.16578E-01
636.1,  2.15633E-01
636.2,  2.14691E-01
636.3,  2.13754E-01
636.4,  2.12819E-01
636.5,  2.11888E-01
636.6,  2.10961E-01
636.7,  2.10037E-01
636.8,  2.09117E-01
636.9,  2.08200E-01
637.0,  2.07286E-01
637.1,  2.06377E-01
637.2,  2.05470E-01
637.3,  2.04568E-01
637.4,  2.03668E-01
637.5,  2.02772E-01
637.6,  2.01880E-01
637.7,  2.00991E-01
637.8,  2.00106E-01
637.9,  1.99224E-01
638.0,  1.98346E-01
638.1,  1.97471E-01
638.2,  1.96600E-01
638.3,  1.95733E-01
638.4,  1.94868E-01
638.5,  1.94007E-01
638.6,  1.93150E-01
638.7,  1.92296E-01
638.8,  1.91446E-01
638.9,  1.90599E-01
639.0,  1.89756E-01
639.1,  1.88916E-01
639.2,  1.88080E-01
639.3,  1.87247E-01
639.4,  1.86417E-01
639.5,  1.85591E-01
639.6,  1.84769E-01
639.7,  1.83950E-01
639.8,  1.83134E-01
639.9,  1.82322E-01
640.0,  1.81513E-01
640.1,  1.80708E-01
640.2,  1.79906E-01
640.3,  1.79108E-01
640.4,  1.78312E-01
640.5,  1.77520E-01
640.6,  1.76731E-01
640.7,  1.75945E-01
640.8,  1.75162E-01
640.9,  1.74382E-01
641.0,  1.73605E-01
641.1,  1.72831E-01
641.2,  1.72059E-01
641.3,  1.71290E-01
641.4,  1.70524E-01
641.5,  1.69761E-01
641.6,  1.68999E-01
641.7,  1.68241E-01
641.8,  1.67485E-01
641.9,  1.66731E-01
642.0,  1.65979E-01
642.1,  1.65230E-01
642.2,  1.64483E-01
642.3,  1.63738E-01
642.4,  1.62995E-01
642.5,  1.62254E-01
642.6,  1.61516E-01
642.7,  1.60779E-01
642.8,  1.60044E-01
642.9,  1.59311E-01
643.0,  1.58580E-01
643.1,  1.57851E-01
643.2,  1.57123E-01
643.3,  1.56397E-01
643.4,  1.55673E-01
643.5,  1.54950E-01
643.6,  1.54229E-01
643.7,  1.53510E-01
643.8,  1.52792E-01
643.9,  1.52075E-01
644.0,  1.51360E-01
644.1,  1.50646E-01
644.2,  1.49934E-01
644.3,  1.49222E-01
644.4,  1.48513E-01
644.5,  1.47804E-01
644.6,  1.47097E-01
644.7,  1.46390E-01
644.8,  1.45685E-01
644.9,  1.44981E-01
645.0,  1.44279E-01
645.1,  1.43577E-01
645.2,  1.42876E-01
645.3,  1.42176E-01
645.4,  1.41478E-01
645.5,  1.40781E-01
645.6,  1.40085E-01
645.7,  1.39390E-01
645.8,  1.38697E-01
645.9,  1.38004E-01
646.0,  1.37314E-01
646.1,  1.36624E-01
646.2,  1.35936E-01
646.3,  1.35250E-01
646.4,  1.34565E-01
646.5,  1.33882E-01
646.6,  1.33200E-01
646.7,  1.32519E-01
646.8,  1.31841E-01
646.9,  1.31164E-01
647.0,  1.30488E-01
647.1,  1.29815E-01
647.2,  1.29143E-01
647.3,  1.28473E-01
647.4,  1.27804E-01
647.5,  1.27138E-01
647.6,  1.26473E-01
647.7,  1.25810E-01
647.8,  1.25149E-01
647.9,  1.24490E-01
648.0,  1.23833E-01
648.1,  1.23178E-01
648.2,  1.22525E-01
648.3,  1.21874E-01
648.4,  1.21225E-01
648.5,  1.20578E-01
648.6,  1.19933E-01
648.7,  1.19290E-01
648.8,  1.18649E-01
648.9,  1.18010E-01
649.0,  1.17374E-01
649.1,  1.16740E-01
649.2,  1.16108E-01
649.3,  1.15478E-01
649.4,  1.14850E-01
649.5,  1.14225E-01
649.6,  1.13602E-01
649.7,  1.12981E-01
649.8,  1.12362E-01
649.9,  1.11746E-01
650.0,  1.11132E-01
650.1,  1.10521E-01
650.2,  1.09912E-01
650.3,  1.09305E-01
650.4,  1.08700E-01
650.5,  1.08098E-01
650.6,  1.07499E-01
650.7,  1.06902E-01
650.8,  1.06307E-01
650.9,  1.05714E-01
651.0,  1.05125E-01
651.1,  1.04537E-01
651.2,  1.03952E-01
651.3,  1.03369E-01
651.4,  1.02789E-01
651.5,  1.02211E-01
651.6,  1.01636E-01
651.7,  1.01063E-01
651.8,  1.00493E-01
651.9,  9.99252E-02
652.0,  9.93598E-02
652.1,  9.87969E-02
652.2,  9.82365E-02
652.3,  9.76786E-02
652.4,  9.71232E-02
652.5,  9.65703E-02
652.6,  9.60199E-02
652.7,  9.54720E-02
652.8,  9.49266E-02
652.9,  9.43837E-02
653.0,  9.38433E-02
653.1,  9.33054E-02
653.2,  9.27701E-02
653.3,  9.22372E-02
653.4,  9.17069E-02
653.5,  9.11790E-02
653.6,  9.06537E-02
653.7,  9.01309E-02
653.8,  8.96107E-02
653.9,  8.90929E-02
654.0,  8.85777E-02
654.1,  8.80650E-02
654.2,  8.75547E-02
654.3,  8.70471E-02
654.4,  8.65419E-02
654.5,  8.60392E-02
654.6,  8.55390E-02
654.7,  8.50414E-02
654.8,  8.45463E-02
654.9,  8.40536E-02
655.0,  8.35635E-02
655.1,  8.30759E-02
655.2,  8.25907E-02
655.3,  8.21081E-02
655.4,  8.16279E-02
655.5,  8.11501E-02
655.6,  8.06748E-02
655.7,  8.02020E-02
655.8,  7.97315E-02
655.9,  7.92635E-02
656.0,  7.87979E-02
656.1,  7.83347E-02
656.2,  7.78739E-02
656.3,  7.74154E-02
656.4,  7.69593E-02
656.5,  7.65055E-02
656.6,  7.60541E-02
656.7,  7.56050E-02
656.8,  7.51583E-02
656.9,  7.47138E-02
657.0,  7.42716E-02
657.1,  7.38318E-02
657.2,  7.33942E-02
657.3,  7.29588E-02
657.4,  7.25258E-02
657.5,  7.20950E-02
657.6,  7.16664E-02
657.7,  7.12400E-02
657.8,  7.08159E-02
657.9,  7.03939E-02
658.0,  6.99742E-02
658.1,  6.95566E-02
658.2,  6.91412E-02
658.3,  6.87280E-02
658.4,  6.83170E-02
658.5,  6.79081E-02
658.6,  6.75013E-02
658.7,  6.70967E-02
658.8,  6.66941E-02
658.9,  6.62937E-02
659.0,  6.58954E-02
659.1,  6.54992E-02
659.2,  6.51050E-02
659.3,  6.47130E-02
659.4,  6.43229E-02
659.5,  6.39350E-02
659.6,  6.35491E-02
659.7,  6.31652E-02
659.8,  6.27833E-02
659.9,  6.24035E-02
660.0,  6.20256E-02
660.1,  6.16498E-02
660.2,  6.12759E-02
660.3,  6.09041E-02
660.4,  6.05342E-02
660.5,  6.01662E-02
660.6,  5.98003E-02
660.7,  5.94362E-02
660.8,  5.90742E-02
660.9,  5.87140E-02
661.0,  5.83558E-02
661.1,  5.79995E-02
661.2,  5.76451E-02
661.3,  5.72927E-02
661.4,  5.69421E-02
661.5,  5.65934E-02
661.6,  5.62466E-02
661.7,  5.59017E-02
661.8,  5.55587E-02
661.9,  5.52175E-02
662.0,  5.48781E-02
662.1,  5.45407E-02
662.2,  5.42050E-02
662.3,  5.38712E-02
662.4,  5.35392E-02
662.5,  5.32090E-02
662.6,  5.28807E-02
662.7,  5.25541E-02
662.8,  5.22293E-02
662.9,  5.19064E-02
663.0,  5.15852E-02
663.1,  5.12657E-02
663.2,  5.09481E-02
663.3,  5.06322E-02
663.4,  5.03180E-02
663.5,  5.00056E-02
663.6,  4.96949E-02
663.7,  4.93860E-02
663.8,  4.90787E-02
663.9,  4.87732E-02
664.0,  4.84694E-02
664.1,  4.81673E-02
664.2,  4.78669E-02
664.3,  4.75681E-02
664.4,  4.72711E-02
664.5,  4.69757E-02
664.6,  4.66819E-02
664.7,  4.63899E-02
664.8,  4.60994E-02
664.9,  4.58106E-02
665.0,  4.55235E-02
665.1,  4.52379E-02
665.2,  4.49540E-02
665.3,  4.46717E-02
665.4,  4.43910E-02
665.5,  4.41118E-02
665.6,  4.38343E-02
665.7,  4.35583E-02
665.8,  4.32839E-02
665.9,  4.30110E-02
666.0,  4.27397E-02
666.1,  4.24699E-02
666.2,  4.22017E-02
666.3,  4.19349E-02
666.4,  4.16697E-02
666.5,  4.14060E-02
666.6,  4.11437E-02
666.7,  4.08830E-02
666.8,  4.06237E-02
666.9,  4.03659E-02
667.0,  4.01096E-02
667.1,  3.98547E-02
667.2,  3.96013E-02
667.3,  3.93493E-02
667.4,  3.90987E-02
667.5,  3.88496E-02
667.6,  3.86019E-02
667.7,  3.83555E-02
667.8,  3.81106E-02
667.9,  3.78671E-02
668.0,  3.76249E-02
668.1,  3.73842E-02
668.2,  3.71448E-02
668.3,  3.69067E-02
668.4,  3.66700E-02
668.5,  3.64347E-02
668.6,  3.62007E-02
668.7,  3.59680E-02
668.8,  3.57367E-02
668.9,  3.55067E-02
669.0,  3.52780E-02
669.1,  3.50506E-02
669.2,  3.48244E-02
669.3,  3.45996E-02
669.4,  3.43761E-02
669.5,  3.41538E-02
669.6,  3.39328E-02
669.7,  3.37131E-02
669.8,  3.34946E-02
669.9,  3.32774E-02
670.0,  3.30614E-02
670.1,  3.28467E-02
670.2,  3.26331E-02
670.3,  3.24208E-02
670.4,  3.22098E-02
670.5,  3.19999E-02
670.6,  3.17912E-02
670.7,  3.15838E-02
670.8,  3.13775E-02
670.9,  3.11724E-02
671.0,  3.09685E-02
671.1,  3.07658E-02
671.2,  3.05642E-02
671.3,  3.03638E-02
671.4,  3.01645E-02
671.5,  2.99664E-02
671.6,  2.97695E-02
671.7,  2.95737E-02
671.8,  2.93790E-02
671.9,  2.91854E-02
672.0,  2.89930E-02
672.1,  2.88017E-02
672.2,  2.86115E-02
672.3,  2.84224E-02
672.4,  2.82343E-02
672.5,  2.80474E-02
672.6,  2.78616E-02
672.7,  2.76768E-02
672.8,  2.74932E-02
672.9,  2.73106E-02
673.0,  2.71290E-02
673.1,  2.69485E-02
673.2,  2.67691E-02
673.3,  2.65907E-02
673.4,  2.64134E-02
673.5,  2.62371E-02
673.6,  2.60618E-02
673.7,  2.58876E-02
673.8,  2.57144E-02
673.9,  2.55422E-02
674.0,  2.53710E-02
674.1,  2.52008E-02
674.2,  2.50316E-02
674.3,  2.48634E-02
674.4,  2.46962E-02
674.5,  2.45300E-02
674.6,  2.43647E-02
674.7,  2.42005E-02
674.8,  2.40372E-02
674.9,  2.38749E-02
675.0,  2.37135E-02
675.1,  2.35531E-02
675.2,  2.33936E-02
675.3,  2.32351E-02
675.4,  2.30775E-02
675.5,  2.29209E-02
675.6,  2.27652E-02
675.7,  2.26104E-02
675.8,  2.24566E-02
675.9,  2.23037E-02
676.0,  2.21517E-02
676.1,  2.20006E-02
676.2,  2.18504E-02
676.3,  2.17012E-02
676.4,  2.15528E-02
676.5,  2.14054E-02
676.6,  2.12588E-02
676.7,  2.11132E-02
676.8,  2.09684E-02
676.9,  2.08245E-02
677.0,  2.06815E-02
677.1,  2.05393E-02
677.2,  2.03981E-02
677.3,  2.02577E-02
677.4,  2.01182E-02
677.5,  1.99795E-02
677.6,  1.98417E-02
677.7,  1.97047E-02
677.8,  1.95686E-02
677.9,  1.94334E-02
678.0,  1.92989E-02
678.1,  1.91654E-02
678.2,  1.90326E-02
678.3,  1.89007E-02
678.4,  1.87696E-02
678.5,  1.86393E-02
678.6,  1.85099E-02
678.7,  1.83812E-02
678.8,  1.82534E-02
678.9,  1.81264E-02
679.0,  1.80002E-02
679.1,  1.78747E-02
679.2,  1.77501E-02
679.3,  1.76263E-02
679.4,  1.75032E-02
679.5,  1.73810E-02
679.6,  1.72595E-02
679.7,  1.71388E-02
679.8,  1.70188E-02
679.9,  1.68997E-02
680.0,  1.67813E-02
680.1,  1.66636E-02
680.2,  1.65467E-02
680.3,  1.64306E-02
680.4,  1.63152E-02
680.5,  1.62005E-02
680.6,  1.60865E-02
680.7,  1.59733E-02
680.8,  1.58608E-02
680.9,  1.57490E-02
681.0,  1.56379E-02
681.1,  1.55275E-02
681.2,  1.54178E-02
681.3,  1.53087E-02
681.4,  1.52004E-02
681.5,  1.50927E-02
681.6,  1.49857E-02
681.7,  1.48793E-02
681.8,  1.47736E-02
681.9,  1.46686E-02
682.0,  1.45642E-02
682.1,  1.44604E-02
682.2,  1.43573E-02
682.3,  1.42548E-02
682.4,  1.41529E-02
682.5,  1.40516E-02
682.6,  1.39510E-02
682.7,  1.38510E-02
682.8,  1.37515E-02
682.9,  1.36527E-02
683.0,  1.35545E-02
683.1,  1.34568E-02
683.2,  1.33598E-02
683.3,  1.32633E-02
683.4,  1.31674E-02
683.5,  1.30721E-02
683.6,  1.29773E-02
683.7,  1.28831E-02
683.8,  1.27895E-02
683.9,  1.26964E-02
684.0,  1.26039E-02
684.1,  1.25119E-02
684.2,  1.24205E-02
684.3,  1.23296E-02
684.4,  1.22392E-02
684.5,  1.21494E-02
684.6,  1.20601E-02
684.7,  1.19713E-02
684.8,  1.18831E-02
684.9,  1.17953E-02
685.0,  1.17081E-02
685.1,  1.16214E-02
685.2,  1.15352E-02
685.3,  1.14495E-02
685.4,  1.13644E-02
685.5,  1.12797E-02
685.6,  1.11956E-02
685.7,  1.11120E-02
685.8,  1.10290E-02
685.9,  1.09465E-02
686.0,  1.08645E-02
686.1,  1.07830E-02
686.2,  1.07022E-02
686.3,  1.06218E-02
686.4,  1.05420E-02
686.5,  1.04627E-02
686.6,  1.03840E-02
686.7,  1.03058E-02
686.8,  1.02282E-02
686.9,  1.01512E-02
687.0,  1.00747E-02
687.1,  9.99870E-03
687.2,  9.92330E-03
687.3,  9.84845E-03
687.4,  9.77416E-03
687.5,  9.70043E-03
687.6,  9.62726E-03
687.7,  9.55464E-03
687.8,  9.48258E-03
687.9,  9.41107E-03
688.0,  9.34013E-03
688.1,  9.26974E-03
688.2,  9.19991E-03
688.3,  9.13063E-03
688.4,  9.06192E-03
688.5,  8.99375E-03
688.6,  8.92615E-03
688.7,  8.85909E-03
688.8,  8.79260E-03
688.9,  8.72665E-03
689.0,  8.66126E-03
689.1,  8.59641E-03
689.2,  8.53212E-03
689.3,  8.46838E-03
689.4,  8.40518E-03
689.5,  8.34253E-03
689.6,  8.28043E-03
689.7,  8.21887E-03
689.8,  8.15785E-03
689.9,  8.09738E-03
690.0,  8.03744E-03
690.1,  7.97804E-03
690.2,  7.91917E-03
690.3,  7.86082E-03
690.4,  7.80299E-03
690.5,  7.74566E-03
690.6,  7.68884E-03
690.7,  7.63250E-03
690.8,  7.57666E-03
690.9,  7.52129E-03
691.0,  7.46640E-03
691.1,  7.41198E-03
691.2,  7.35801E-03
691.3,  7.30450E-03
691.4,  7.25143E-03
691.5,  7.19880E-03
691.6,  7.14661E-03
691.7,  7.09485E-03
691.8,  7.04351E-03
691.9,  6.99259E-03
692.0,  6.94208E-03
692.1,  6.89198E-03
692.2,  6.84227E-03
692.3,  6.79296E-03
692.4,  6.74404E-03
692.5,  6.69550E-03
692.6,  6.64735E-03
692.7,  6.59956E-03
692.8,  6.55215E-03
692.9,  6.50510E-03
693.0,  6.45840E-03
693.1,  6.41207E-03
693.2,  6.36608E-03
693.3,  6.32044E-03
693.4,  6.27513E-03
693.5,  6.23017E-03
693.6,  6.18553E-03
693.7,  6.14122E-03
693.8,  6.09724E-03
693.9,  6.05357E-03
694.0,  6.01022E-03
694.1,  5.96718E-03
694.2,  5.92445E-03
694.3,  5.88202E-03
694.4,  5.83989E-03
694.5,  5.79805E-03
694.6,  5.75651E-03
694.7,  5.71525E-03
694.8,  5.67428E-03
694.9,  5.63359E-03
695.0,  5.59317E-03
695.1,  5.55303E-03
695.2,  5.51317E-03
695.3,  5.47357E-03
695.4,  5.43424E-03
695.5,  5.39519E-03
695.6,  5.35640E-03
695.7,  5.31787E-03
695.8,  5.27961E-03
695.9,  5.24161E-03
696.0,  5.20388E-03
696.1,  5.16640E-03
696.2,  5.12918E-03
696.3,  5.09223E-03
696.4,  5.05552E-03
696.5,  5.01907E-03
696.6,  4.98288E-03
696.7,  4.94694E-03
696.8,  4.91124E-03
696.9,  4.87580E-03
697.0,  4.84061E-03
697.1,  4.80566E-03
697.2,  4.77096E-03
697.3,  4.73650E-03
697.4,  4.70228E-03
697.5,  4.66831E-03
697.6,  4.63457E-03
697.7,  4.60107E-03
697.8,  4.56782E-03
697.9,  4.53479E-03
698.0,  4.50200E-03
698.1,  4.46945E-03
698.2,  4.43712E-03
698.3,  4.40503E-03
698.4,  4.37317E-03
698.5,  4.34153E-03
698.6,  4.31012E-03
698.7,  4.27894E-03
698.8,  4.24797E-03
698.9,  4.21724E-03
699.0,  4.18672E-03
699.1,  4.15642E-03
699.2,  4.12635E-03
699.3,  4.09648E-03
699.4,  4.06684E-03
699.5,  4.03741E-03
699.6,  4.00819E-03
699.7,  3.97919E-03
699.8,  3.95040E-03
699.9,  3.92181E-03
700.0,  3.89344E-03
700.1,  3.86527E-03
700.2,  3.83731E-03
700.3,  3.80955E-03
700.4,  3.78199E-03
700.5,  3.75463E-03
700.6,  3.72747E-03
700.7,  3.70050E-03
700.8,  3.67372E-03
700.9,  3.64714E-03
701.0,  3.62074E-03
701.1,  3.59453E-03
701.2,  3.56851E-03
701.3,  3.54267E-03
701.4,  3.51701E-03
701.5,  3.49153E-03
701.6,  3.46623E-03
701.7,  3.44111E-03
701.8,  3.41616E-03
701.9,  3.39139E-03
702.0,  3.36678E-03
702.1,  3.34235E-03
702.2,  3.31808E-03
702.3,  3.29399E-03
702.4,  3.27005E-03
702.5,  3.24628E-03
702.6,  3.22267E-03
702.7,  3.19922E-03
702.8,  3.17593E-03
702.9,  3.15280E-03
703.0,  3.12983E-03
703.1,  3.10701E-03
703.2,  3.08434E-03
703.3,  3.06182E-03
703.4,  3.03946E-03
703.5,  3.01724E-03
703.6,  2.99517E-03
703.7,  2.97325E-03
703.8,  2.95147E-03
703.9,  2.92984E-03
704.0,  2.90835E-03
704.1,  2.88700E-03
704.2,  2.86579E-03
704.3,  2.84472E-03
704.4,  2.82378E-03
704.5,  2.80299E-03
704.6,  2.78232E-03
704.7,  2.76180E-03
704.8,  2.74140E-03
704.9,  2.72114E-03
705.0,  2.70101E-03
705.1,  2.68101E-03
705.2,  2.66113E-03
705.3,  2.64139E-03
705.4,  2.62177E-03
705.5,  2.60229E-03
705.6,  2.58293E-03
705.7,  2.56370E-03
705.8,  2.54460E-03
705.9,  2.52562E-03
706.0,  2.50677E-03
706.1,  2.48805E-03
706.2,  2.46945E-03
706.3,  2.45098E-03
706.4,  2.43263E-03
706.5,  2.41441E-03
706.6,  2.39631E-03
706.7,  2.37834E-03
706.8,  2.36049E-03
706.9,  2.34276E-03
707.0,  2.32516E-03
707.1,  2.30768E-03
707.2,  2.29032E-03
707.3,  2.27308E-03
707.4,  2.25596E-03
707.5,  2.23896E-03
707.6,  2.22208E-03
707.7,  2.20533E-03
707.8,  2.18869E-03
707.9,  2.17217E-03
708.0,  2.15577E-03
708.1,  2.13948E-03
708.2,  2.12331E-03
708.3,  2.10726E-03
708.4,  2.09133E-03
708.5,  2.07551E-03
708.6,  2.05981E-03
708.7,  2.04422E-03
708.8,  2.02874E-03
708.9,  2.01338E-03
709.0,  1.99813E-03
709.1,  1.98299E-03
709.2,  1.96797E-03
709.3,  1.95306E-03
709.4,  1.93826E-03
709.5,  1.92356E-03
709.6,  1.90898E-03
709.7,  1.89451E-03
709.8,  1.88015E-03
709.9,  1.86589E-03
710.0,  1.85174E-03
710.1,  1.83770E-03
710.2,  1.82377E-03
710.3,  1.80994E-03
710.4,  1.79622E-03
710.5,  1.78260E-03
710.6,  1.76909E-03
710.7,  1.75568E-03
710.8,  1.74237E-03
710.9,  1.72917E-03
711.0,  1.71606E-03
711.1,  1.70306E-03
711.2,  1.69016E-03
711.3,  1.67736E-03
711.4,  1.66466E-03
711.5,  1.65205E-03
711.6,  1.63955E-03
711.7,  1.62714E-03
711.8,  1.61483E-03
711.9,  1.60262E-03
712.0,  1.59050E-03
712.1,  1.57848E-03
712.2,  1.56655E-03
712.3,  1.55471E-03
712.4,  1.54297E-03
712.5,  1.53132E-03
712.6,  1.51977E-03
712.7,  1.50830E-03
712.8,  1.49693E-03
712.9,  1.48565E-03
713.0,  1.47446E-03
713.1,  1.46335E-03
713.2,  1.45234E-03
713.3,  1.44141E-03
713.4,  1.43057E-03
713.5,  1.41982E-03
713.6,  1.40915E-03
713.7,  1.39858E-03
713.8,  1.38808E-03
713.9,  1.37767E-03
714.0,  1.36735E-03
714.1,  1.35710E-03
714.2,  1.34695E-03
714.3,  1.33687E-03
714.4,  1.32688E-03
714.5,  1.31696E-03
714.6,  1.30713E-03
714.7,  1.29738E-03
714.8,  1.28771E-03
714.9,  1.27811E-03
715.0,  1.26860E-03
715.1,  1.25916E-03
715.2,  1.24981E-03
715.3,  1.24052E-03
715.4,  1.23132E-03
715.5,  1.22218E-03
715.6,  1.21312E-03
715.7,  1.20414E-03
715.8,  1.19523E-03
715.9,  1.18638E-03
716.0,  1.17761E-03
716.1,  1.16891E-03
716.2,  1.16028E-03
716.3,  1.15171E-03
716.4,  1.14322E-03
716.5,  1.13479E-03
716.6,  1.12642E-03
716.7,  1.11812E-03
716.8,  1.10989E-03
716.9,  1.10172E-03
717.0,  1.09361E-03
717.1,  1.08557E-03
717.2,  1.07759E-03
717.3,  1.06966E-03
717.4,  1.06180E-03
717.5,  1.05400E-03
717.6,  1.04626E-03
717.7,  1.03858E-03
717.8,  1.03096E-03
717.9,  1.02339E-03
718.0,  1.01588E-03
718.1,  1.00843E-03
718.2,  1.00103E-03
718.3,  9.93685E-04
718.4,  9.86397E-04
718.5,  9.79163E-04
718.6,  9.71983E-04
718.7,  9.64855E-04
718.8,  9.57780E-04
718.9,  9.50757E-04
719.0,  9.43785E-04
719.1,  9.36864E-04
719.2,  9.29993E-04
719.3,  9.23172E-04
719.4,  9.16400E-04
719.5,  9.09677E-04
719.6,  9.03002E-04
719.7,  8.96376E-04
719.8,  8.89796E-04
719.9,  8.83264E-04
720.0,  8.76778E-04
720.1,  8.70338E-04
720.2,  8.63944E-04
720.3,  8.57595E-04
720.4,  8.51292E-04
720.5,  8.45035E-04
720.6,  8.38822E-04
720.7,  8.32654E-04
720.8,  8.26530E-04
720.9,  8.20451E-04
721.0,  8.14416E-04
721.1,  8.08425E-04
721.2,  8.02478E-04
721.3,  7.96574E-04
721.4,  7.90714E-04
721.5,  7.84897E-04
721.6,  7.79122E-04
721.7,  7.73391E-04
721.8,  7.67701E-04
721.9,  7.62054E-04
722.0,  7.56449E-04
722.1,  7.50886E-04
722.2,  7.45364E-04
722.3,  7.39884E-04
722.4,  7.34445E-04
722.5,  7.29047E-04
722.6,  7.23689E-04
722.7,  7.18372E-04
722.8,  7.13096E-04
722.9,  7.07859E-04
723.0,  7.02662E-04
723.1,  6.97505E-04
723.2,  6.92387E-04
723.3,  6.87308E-04
723.4,  6.82268E-04
723.5,  6.77267E-04
723.6,  6.72304E-04
723.7,  6.67380E-04
723.8,  6.62494E-04
723.9,  6.57645E-04
724.0,  6.52834E-04
724.1,  6.48061E-04
724.2,  6.43325E-04
724.3,  6.38625E-04
724.4,  6.33963E-04
724.5,  6.29336E-04
724.6,  6.24747E-04
724.7,  6.20193E-04
724.8,  6.15675E-04
724.9,  6.11192E-04
725.0,  6.06745E-04
725.1,  6.02334E-04
725.2,  5.97957E-04
725.3,  5.93614E-04
725.4,  5.89306E-04
725.5,  5.85031E-04
725.6,  5.80790E-04
725.7,  5.76582E-04
725.8,  5.72407E-04
725.9,  5.68264E-04
726.0,  5.64154E-04
726.1,  5.60075E-04
726.2,  5.56028E-04
726.3,  5.52013E-04
726.4,  5.48028E-04
726.5,  5.44074E-04
726.6,  5.40150E-04
726.7,  5.36257E-04
726.8,  5.32393E-04
726.9,  5.28558E-04
727.0,  5.24753E-04
727.1,  5.20977E-04
727.2,  5.17229E-04
727.3,  5.13510E-04
727.4,  5.09819E-04
727.5,  5.06156E-04
727.6,  5.02520E-04
727.7,  4.98912E-04
727.8,  4.95331E-04
727.9,  4.91777E-04
728.0,  4.88249E-04
728.1,  4.84747E-04
728.2,  4.81272E-04
728.3,  4.77823E-04
728.4,  4.74399E-04
728.5,  4.71000E-04
728.6,  4.67627E-04
728.7,  4.64278E-04
728.8,  4.60954E-04
728.9,  4.57655E-04
729.0,  4.54380E-04
729.1,  4.51129E-04
729.2,  4.47901E-04
729.3,  4.44697E-04
729.4,  4.41517E-04
729.5,  4.38360E-04
729.6,  4.35225E-04
729.7,  4.32114E-04
729.8,  4.29024E-04
729.9,  4.25958E-04
730.0,  4.22913E-04
730.1,  4.19890E-04
730.2,  4.16889E-04
730.3,  4.13910E-04
730.4,  4.10952E-04
730.5,  4.08015E-04
730.6,  4.05099E-04
730.7,  4.02204E-04
730.8,  3.99329E-04
730.9,  3.96475E-04
731.0,  3.93642E-04
731.1,  3.90828E-04
731.2,  3.88035E-04
731.3,  3.85261E-04
731.4,  3.82507E-04
731.5,  3.79773E-04
731.6,  3.77058E-04
731.7,  3.74362E-04
731.8,  3.71685E-04
731.9,  3.69027E-04
732.0,  3.66387E-04
732.1,  3.63766E-04
732.2,  3.61164E-04
732.3,  3.58580E-04
732.4,  3.56014E-04
732.5,  3.53465E-04
732.6,  3.50935E-04
732.7,  3.48422E-04
732.8,  3.45927E-04
732.9,  3.43449E-04
733.0,  3.40989E-04
733.1,  3.38545E-04
733.2,  3.36119E-04
733.3,  3.33709E-04
733.4,  3.31316E-04
733.5,  3.28940E-04
733.6,  3.26580E-04
733.7,  3.24236E-04
733.8,  3.21909E-04
733.9,  3.19598E-04
734.0,  3.17302E-04
734.1,  3.15022E-04
734.2,  3.12758E-04
734.3,  3.10510E-04
734.4,  3.08277E-04
734.5,  3.06059E-04
734.6,  3.03856E-04
734.7,  3.01669E-04
734.8,  2.99496E-04
734.9,  2.97339E-04
735.0,  2.95196E-04
735.1,  2.93068E-04
735.2,  2.90954E-04
735.3,  2.88855E-04
735.4,  2.86770E-04
735.5,  2.84700E-04
735.6,  2.82644E-04
735.7,  2.80603E-04
735.8,  2.78576E-04
735.9,  2.76564E-04
736.0,  2.74566E-04
736.1,  2.72582E-04
736.2,  2.70613E-04
736.3,  2.68657E-04
736.4,  2.66716E-04
736.5,  2.64789E-04
736.6,  2.62877E-04
736.7,  2.60978E-04
736.8,  2.59093E-04
736.9,  2.57223E-04
737.0,  2.55366E-04
737.1,  2.53523E-04
737.2,  2.51694E-04
737.3,  2.49879E-04
737.4,  2.48078E-04
737.5,  2.46290E-04
737.6,  2.44516E-04
737.7,  2.42755E-04
737.8,  2.41008E-04
737.9,  2.39275E-04
738.0,  2.37555E-04
738.1,  2.35848E-04
738.2,  2.34155E-04
738.3,  2.32475E-04
738.4,  2.30808E-04
738.5,  2.29155E-04
738.6,  2.27514E-04
738.7,  2.25887E-04
738.8,  2.24272E-04
738.9,  2.22671E-04
739.0,  2.21082E-04
739.1,  2.19506E-04
739.2,  2.17943E-04
739.3,  2.16393E-04
739.4,  2.14855E-04
739.5,  2.13330E-04
739.6,  2.11817E-04
739.7,  2.10317E-04
739.8,  2.08829E-04
739.9,  2.07353E-04
740.0,  2.05890E-04
740.1,  2.04439E-04
740.2,  2.03000E-04
740.3,  2.01572E-04
740.4,  2.00157E-04
740.5,  1.98753E-04
740.6,  1.97360E-04
740.7,  1.95979E-04
740.8,  1.94608E-04
740.9,  1.93249E-04
741.0,  1.91900E-04
741.1,  1.90563E-04
741.2,  1.89235E-04
741.3,  1.87918E-04
741.4,  1.86611E-04
741.5,  1.85315E-04
741.6,  1.84028E-04
741.7,  1.82751E-04
741.8,  1.81484E-04
741.9,  1.80226E-04
742.0,  1.78978E-04
742.1,  1.77739E-04
742.2,  1.76510E-04
742.3,  1.75289E-04
742.4,  1.74078E-04
742.5,  1.72875E-04
742.6,  1.71681E-04
742.7,  1.70496E-04
742.8,  1.69319E-04
742.9,  1.68151E-04
743.0,  1.66991E-04
743.1,  1.65839E-04
743.2,  1.64695E-04
743.3,  1.63559E-04
743.4,  1.62432E-04
743.5,  1.61312E-04
743.6,  1.60199E-04
743.7,  1.59095E-04
743.8,  1.57998E-04
743.9,  1.56908E-04
744.0,  1.55826E-04
744.1,  1.54751E-04
744.2,  1.53683E-04
744.3,  1.52622E-04
744.4,  1.51568E-04
744.5,  1.50521E-04
744.6,  1.49481E-04
744.7,  1.48448E-04
744.8,  1.47421E-04
744.9,  1.46401E-04
745.0,  1.45388E-04
745.1,  1.44381E-04
745.2,  1.43380E-04
745.3,  1.42386E-04
745.4,  1.41398E-04
745.5,  1.40417E-04
745.6,  1.39442E-04
745.7,  1.38473E-04
745.8,  1.37510E-04
745.9,  1.36554E-04
746.0,  1.35605E-04
746.1,  1.34661E-04
746.2,  1.33724E-04
746.3,  1.32793E-04
746.4,  1.31868E-04
746.5,  1.30950E-04
746.6,  1.30037E-04
746.7,  1.29131E-04
746.8,  1.28231E-04
746.9,  1.27337E-04
747.0,  1.26449E-04
747.1,  1.25567E-04
747.2,  1.24692E-04
747.3,  1.23822E-04
747.4,  1.22958E-04
747.5,  1.22100E-04
747.6,  1.21249E-04
747.7,  1.20403E-04
747.8,  1.19563E-04
747.9,  1.18729E-04
748.0,  1.17901E-04
748.1,  1.17079E-04
748.2,  1.16262E-04
748.3,  1.15452E-04
748.4,  1.14647E-04
748.5,  1.13848E-04
748.6,  1.13054E-04
748.7,  1.12267E-04
748.8,  1.11485E-04
748.9,  1.10709E-04
749.0,  1.09938E-04
749.1,  1.09173E-04
749.2,  1.08413E-04
749.3,  1.07659E-04
749.4,  1.06911E-04
749.5,  1.06168E-04
749.6,  1.05431E-04
749.7,  1.04699E-04
749.8,  1.03972E-04
749.9,  1.03251E-04
750.0,  1.02535E-04
750.1,  1.01824E-04
750.2,  1.01119E-04
750.3,  1.00419E-04
750.4,  9.97245E-05
750.5,  9.90350E-05
750.6,  9.83505E-05
750.7,  9.76711E-05
750.8,  9.69968E-05
750.9,  9.63274E-05
751.0,  9.56631E-05
751.1,  9.50036E-05
751.2,  9.43490E-05
751.3,  9.36992E-05
751.4,  9.30542E-05
751.5,  9.24139E-05
751.6,  9.17784E-05
751.7,  9.11476E-05
751.8,  9.05213E-05
751.9,  8.98997E-05
752.0,  8.92826E-05
752.1,  8.86701E-05
752.2,  8.80620E-05
752.3,  8.74584E-05
752.4,  8.68592E-05
752.5,  8.62643E-05
752.6,  8.56738E-05
752.7,  8.50876E-05
752.8,  8.45057E-05
752.9,  8.39280E-05
753.0,  8.33545E-05
753.1,  8.27851E-05
753.2,  8.22199E-05
753.3,  8.16588E-05
753.4,  8.11017E-05
753.5,  8.05487E-05
753.6,  7.99997E-05
753.7,  7.94546E-05
753.8,  7.89135E-05
753.9,  7.83762E-05
754.0,  7.78429E-05
754.1,  7.73133E-05
754.2,  7.67876E-05
754.3,  7.62657E-05
754.4,  7.57475E-05
754.5,  7.52330E-05
754.6,  7.47222E-05
754.7,  7.42151E-05
754.8,  7.37116E-05
754.9,  7.32117E-05
755.0,  7.27153E-05
755.1,  7.22225E-05
755.2,  7.17333E-05
755.3,  7.12474E-05
755.4,  7.07651E-05
755.5,  7.02861E-05
755.6,  6.98106E-05
755.7,  6.93384E-05
755.8,  6.88695E-05
755.9,  6.84040E-05
756.0,  6.79417E-05
756.1,  6.74826E-05
756.2,  6.70268E-05
756.3,  6.65741E-05
756.4,  6.61246E-05
756.5,  6.56782E-05
756.6,  6.52350E-05
756.7,  6.47948E-05
756.8,  6.43577E-05
756.9,  6.39236E-05
757.0,  6.34925E-05
757.1,  6.30643E-05
757.2,  6.26391E-05
757.3,  6.22169E-05
757.4,  6.17975E-05
757.5,  6.13810E-05
757.6,  6.09674E-05
757.7,  6.05566E-05
757.8,  6.01486E-05
757.9,  5.97433E-05
758.0,  5.93408E-05
758.1,  5.89411E-05
758.2,  5.85441E-05
758.3,  5.81497E-05
758.4,  5.77580E-05
758.5,  5.73690E-05
758.6,  5.69826E-05
758.7,  5.65987E-05
758.8,  5.62175E-05
758.9,  5.58388E-05
759.0,  5.54626E-05
759.1,  5.50890E-05
759.2,  5.47179E-05
759.3,  5.43492E-05
759.4,  5.39830E-05
759.5,  5.36192E-05
759.6,  5.32578E-05
759.7,  5.28989E-05
759.8,  5.25423E-05
759.9,  5.21880E-05
760.0,  5.18361E-05
760.1,  5.14865E-05
760.2,  5.11393E-05
760.3,  5.07943E-05
760.4,  5.04516E-05
760.5,  5.01112E-05
760.6,  4.97731E-05
760.7,  4.94372E-05
760.8,  4.91037E-05
760.9,  4.87723E-05
761.0,  4.84432E-05
761.1,  4.81163E-05
761.2,  4.77917E-05
761.3,  4.74692E-05
761.4,  4.71490E-05
761.5,  4.68309E-05
761.6,  4.65151E-05
761.7,  4.62014E-05
761.8,  4.58898E-05
761.9,  4.55805E-05
762.0,  4.52732E-05
762.1,  4.49681E-05
762.2,  4.46652E-05
762.3,  4.43643E-05
762.4,  4.40655E-05
762.5,  4.37689E-05
762.6,  4.34743E-05
762.7,  4.31818E-05
762.8,  4.28914E-05
762.9,  4.26030E-05
763.0,  4.23167E-05
763.1,  4.20324E-05
763.2,  4.17501E-05
763.3,  4.14699E-05
763.4,  4.11916E-05
763.5,  4.09154E-05
763.6,  4.06411E-05
763.7,  4.03689E-05
763.8,  4.00985E-05
763.9,  3.98302E-05
764.0,  3.95637E-05
764.1,  3.92993E-05
764.2,  3.90367E-05
764.3,  3.87760E-05
764.4,  3.85173E-05
764.5,  3.82605E-05
764.6,  3.80055E-05
764.7,  3.77524E-05
764.8,  3.75012E-05
764.9,  3.72518E-05
765.0,  3.70043E-05
765.1,  3.67586E-05
765.2,  3.65147E-05
765.3,  3.62726E-05
765.4,  3.60323E-05
765.5,  3.57937E-05
765.6,  3.55568E-05
765.7,  3.53217E-05
765.8,  3.50882E-05
765.9,  3.48565E-05
766.0,  3.46263E-05
766.1,  3.43978E-05
766.2,  3.41709E-05
766.3,  3.39456E-05
766.4,  3.37219E-05
766.5,  3.34998E-05
766.6,  3.32791E-05
766.7,  3.30600E-05
766.8,  3.28425E-05
766.9,  3.26264E-05
767.0,  3.24117E-05
767.1,  3.21986E-05
767.2,  3.19868E-05
767.3,  3.17765E-05
767.4,  3.15676E-05
767.5,  3.13601E-05
767.6,  3.11540E-05
767.7,  3.09493E-05
767.8,  3.07458E-05
767.9,  3.05438E-05
768.0,  3.03430E-05
768.1,  3.01435E-05
768.2,  2.99454E-05
768.3,  2.97485E-05
768.4,  2.95529E-05
768.5,  2.93585E-05
768.6,  2.91654E-05
768.7,  2.89735E-05
768.8,  2.87828E-05
768.9,  2.85933E-05
769.0,  2.84050E-05
769.1,  2.82178E-05
769.2,  2.80318E-05
769.3,  2.78470E-05
769.4,  2.76633E-05
769.5,  2.74808E-05
769.6,  2.72993E-05
769.7,  2.71190E-05
769.8,  2.69397E-05
769.9,  2.67616E-05
770.0,  2.65845E-05
770.1,  2.64085E-05
770.2,  2.62335E-05
770.3,  2.60596E-05
770.4,  2.58867E-05
770.5,  2.57149E-05
770.6,  2.55442E-05
770.7,  2.53746E-05
770.8,  2.52060E-05
770.9,  2.50385E-05
771.0,  2.48720E-05
771.1,  2.47066E-05
771.2,  2.45423E-05
771.3,  2.43790E-05
771.4,  2.42168E-05
771.5,  2.40556E-05
771.6,  2.38955E-05
771.7,  2.37365E-05
771.8,  2.35785E-05
771.9,  2.34216E-05
772.0,  2.32657E-05
772.1,  2.31109E-05
772.2,  2.29571E-05
772.3,  2.28044E-05
772.4,  2.26528E-05
772.5,  2.25021E-05
772.6,  2.23526E-05
772.7,  2.22040E-05
772.8,  2.20565E-05
772.9,  2.19101E-05
773.0,  2.17646E-05
773.1,  2.16202E-05
773.2,  2.14769E-05
773.3,  2.13345E-05
773.4,  2.11932E-05
773.5,  2.10529E-05
773.6,  2.09137E-05
773.7,  2.07754E-05
773.8,  2.06382E-05
773.9,  2.05020E-05
774.0,  2.03667E-05
774.1,  2.02325E-05
774.2,  2.00993E-05
774.3,  1.99671E-05
774.4,  1.98359E-05
774.5,  1.97056E-05
774.6,  1.95764E-05
774.7,  1.94481E-05
774.8,  1.93208E-05
774.9,  1.91945E-05
775.0,  1.90692E-05
775.1,  1.89448E-05
775.2,  1.88214E-05
775.3,  1.86990E-05
775.4,  1.85775E-05
775.5,  1.84569E-05
775.6,  1.83372E-05
775.7,  1.82184E-05
775.8,  1.81005E-05
775.9,  1.79835E-05
776.0,  1.78673E-05
776.1,  1.77520E-05
776.2,  1.76376E-05
776.3,  1.75240E-05
776.4,  1.74112E-05
776.5,  1.72992E-05
776.6,  1.71881E-05
776.7,  1.70777E-05
776.8,  1.69682E-05
776.9,  1.68594E-05
777.0,  1.67513E-05
777.1,  1.66441E-05
777.2,  1.65376E-05
777.3,  1.64318E-05
777.4,  1.63268E-05
777.5,  1.62225E-05
777.6,  1.61189E-05
777.7,  1.60161E-05
777.8,  1.59139E-05
777.9,  1.58124E-05
778.0,  1.57116E-05
778.1,  1.56115E-05
778.2,  1.55121E-05
778.3,  1.54133E-05
778.4,  1.53152E-05
778.5,  1.52177E-05
778.6,  1.51209E-05
778.7,  1.50247E-05
778.8,  1.49291E-05
778.9,  1.48341E-05
779.0,  1.47398E-05
779.1,  1.46460E-05
779.2,  1.45529E-05
779.3,  1.44603E-05
779.4,  1.43684E-05
779.5,  1.42770E-05
779.6,  1.41862E-05
779.7,  1.40959E-05
779.8,  1.40062E-05
779.9,  1.39171E-05
780.0,  1.38285E-05
780.1,  1.37405E-05
780.2,  1.36530E-05
780.3,  1.35660E-05
780.4,  1.34796E-05
780.5,  1.33937E-05
780.6,  1.33083E-05
780.7,  1.32235E-05
780.8,  1.31392E-05
780.9,  1.30554E-05
781.0,  1.29721E-05
781.1,  1.28894E-05
781.2,  1.28072E-05
781.3,  1.27255E-05
781.4,  1.26443E-05
781.5,  1.25636E-05
781.6,  1.24834E-05
781.7,  1.24037E-05
781.8,  1.23246E-05
781.9,  1.22459E-05
782.0,  1.21678E-05
782.1,  1.20901E-05
782.2,  1.20129E-05
782.3,  1.19363E-05
782.4,  1.18601E-05
782.5,  1.17844E-05
782.6,  1.17092E-05
782.7,  1.16344E-05
782.8,  1.15602E-05
782.9,  1.14864E-05
783.0,  1.14131E-05
783.1,  1.13403E-05
783.2,  1.12680E-05
783.3,  1.11961E-05
783.4,  1.11247E-05
783.5,  1.10538E-05
783.6,  1.09833E-05
783.7,  1.09133E-05
783.8,  1.08437E-05
783.9,  1.07746E-05
784.0,  1.07060E-05
784.1,  1.06378E-05
784.2,  1.05700E-05
784.3,  1.05027E-05
784.4,  1.04359E-05
784.5,  1.03694E-05
784.6,  1.03035E-05
784.7,  1.02379E-05
784.8,  1.01728E-05
784.9,  1.01082E-05
785.0,  1.00439E-05
785.1,  9.98012E-06
785.2,  9.91674E-06
785.3,  9.85378E-06
785.4,  9.79123E-06
785.5,  9.72911E-06
785.6,  9.66739E-06
785.7,  9.60609E-06
785.8,  9.54519E-06
785.9,  9.48469E-06
786.0,  9.42459E-06
786.1,  9.36488E-06
786.2,  9.30557E-06
786.3,  9.24665E-06
786.4,  9.18812E-06
786.5,  9.12997E-06
786.6,  9.07220E-06
786.7,  9.01480E-06
786.8,  8.95779E-06
786.9,  8.90114E-06
787.0,  8.84486E-06
787.1,  8.78895E-06
787.2,  8.73340E-06
787.3,  8.67822E-06
787.4,  8.62339E-06
787.5,  8.56891E-06
787.6,  8.51479E-06
787.7,  8.46102E-06
787.8,  8.40759E-06
787.9,  8.35451E-06
788.0,  8.30177E-06
788.1,  8.24937E-06
788.2,  8.19731E-06
788.3,  8.14557E-06
788.4,  8.09417E-06
788.5,  8.04310E-06
788.6,  7.99236E-06
788.7,  7.94194E-06
788.8,  7.89184E-06
788.9,  7.84206E-06
789.0,  7.79260E-06
789.1,  7.74345E-06
789.2,  7.69461E-06
789.3,  7.64608E-06
789.4,  7.59786E-06
789.5,  7.54995E-06
789.6,  7.50233E-06
789.7,  7.45502E-06
789.8,  7.40801E-06
789.9,  7.36129E-06
790.0,  7.31486E-06
790.1,  7.26873E-06
790.2,  7.22289E-06
790.3,  7.17734E-06
790.4,  7.13207E-06
790.5,  7.08709E-06
790.6,  7.04240E-06
790.7,  6.99799E-06
790.8,  6.95386E-06
790.9,  6.91001E-06
791.0,  6.86644E-06
791.1,  6.82315E-06
791.2,  6.78014E-06
791.3,  6.73740E-06
791.4,  6.69494E-06
791.5,  6.65275E-06
791.6,  6.61083E-06
791.7,  6.56918E-06
791.8,  6.52780E-06
791.9,  6.48669E-06
792.0,  6.44584E-06
792.1,  6.40526E-06
792.2,  6.36494E-06
792.3,  6.32488E-06
792.4,  6.28508E-06
792.5,  6.24555E-06
792.6,  6.20627E-06
792.7,  6.16724E-06
792.8,  6.12848E-06
792.9,  6.08996E-06
793.0,  6.05170E-06
793.1,  6.01369E-06
793.2,  5.97593E-06
793.3,  5.93842E-06
793.4,  5.90116E-06
793.5,  5.86414E-06
793.6,  5.82737E-06
793.7,  5.79084E-06
793.8,  5.75455E-06
793.9,  5.71851E-06
794.0,  5.68270E-06
794.1,  5.64713E-06
794.2,  5.61180E-06
794.3,  5.57670E-06
794.4,  5.54184E-06
794.5,  5.50721E-06
794.6,  5.47282E-06
794.7,  5.43865E-06
794.8,  5.40471E-06
794.9,  5.37100E-06
795.0,  5.33752E-06
795.1,  5.30426E-06
795.2,  5.27123E-06
795.3,  5.23842E-06
795.4,  5.20583E-06
795.5,  5.17345E-06
795.6,  5.14130E-06
795.7,  5.10936E-06
795.8,  5.07763E-06
795.9,  5.04612E-06
796.0,  5.01482E-06
796.1,  4.98373E-06
796.2,  4.95284E-06
796.3,  4.92216E-06
796.4,  4.89169E-06
796.5,  4.86142E-06
796.6,  4.83135E-06
796.7,  4.80148E-06
796.8,  4.77181E-06
796.9,  4.74234E-06
797.0,  4.71307E-06
797.1,  4.68399E-06
797.2,  4.65510E-06
797.3,  4.62640E-06
797.4,  4.59790E-06
797.5,  4.56958E-06
797.6,  4.54146E-06
797.7,  4.51352E-06
797.8,  4.48576E-06
797.9,  4.45819E-06
798.0,  4.43080E-06
798.1,  4.40359E-06
798.2,  4.37656E-06
798.3,  4.34971E-06
798.4,  4.32303E-06
798.5,  4.29654E-06
798.6,  4.27021E-06
798.7,  4.24406E-06
798.8,  4.21809E-06
798.9,  4.19228E-06
799.0,  4.16664E-06
799.1,  4.14117E-06
799.2,  4.11587E-06
799.3,  4.09074E-06
799.4,  4.06577E-06
799.5,  4.04096E-06
799.6,  4.01632E-06
799.7,  3.99184E-06
799.8,  3.96752E-06
799.9,  3.94335E-06
800.0,  3.91935E-06
800.1,  3.89550E-06
800.2,  3.87181E-06
800.3,  3.84827E-06
800.4,  3.82488E-06
800.5,  3.80165E-06
800.6,  3.77856E-06
800.7,  3.75562E-06
800.8,  3.73283E-06
800.9,  3.71019E-06
801.0,  3.68769E-06
801.1,  3.66533E-06
801.2,  3.64311E-06
801.3,  3.62103E-06
801.4,  3.59909E-06
801.5,  3.57729E-06
801.6,  3.55562E-06
801.7,  3.53409E-06
801.8,  3.51269E-06
801.9,  3.49143E-06
802.0,  3.47029E-06
802.1,  3.44929E-06
802.2,  3.42841E-06
802.3,  3.40766E-06
802.4,  3.38704E-06
802.5,  3.36654E-06
802.6,  3.34617E-06
802.7,  3.32592E-06
802.8,  3.30579E-06
802.9,  3.28578E-06
803.0,  3.26590E-06
803.1,  3.24613E-06
803.2,  3.22648E-06
803.3,  3.20694E-06
803.4,  3.18752E-06
803.5,  3.16822E-06
803.6,  3.14903E-06
803.7,  3.12995E-06
803.8,  3.11098E-06
803.9,  3.09212E-06
804.0,  3.07338E-06
804.1,  3.05474E-06
804.2,  3.03621E-06
804.3,  3.01778E-06
804.4,  2.99947E-06
804.5,  2.98125E-06
804.6,  2.96314E-06
804.7,  2.94514E-06
804.8,  2.92724E-06
804.9,  2.90943E-06
805.0,  2.89173E-06
805.1,  2.87413E-06
805.2,  2.85663E-06
805.3,  2.83923E-06
805.4,  2.82193E-06
805.5,  2.80472E-06
805.6,  2.78762E-06
805.7,  2.77061E-06
805.8,  2.75371E-06
805.9,  2.73690E-06
806.0,  2.72019E-06
806.1,  2.70357E-06
806.2,  2.68706E-06
806.3,  2.67064E-06
806.4,  2.65432E-06
806.5,  2.63810E-06
806.6,  2.62197E-06
806.7,  2.60594E-06
806.8,  2.59000E-06
806.9,  2.57417E-06
807.0,  2.55842E-06
807.1,  2.54278E-06
807.2,  2.52722E-06
807.3,  2.51177E-06
807.4,  2.49640E-06
807.5,  2.48114E-06
807.6,  2.46596E-06
807.7,  2.45088E-06
807.8,  2.43590E-06
807.9,  2.42100E-06
808.0,  2.40620E-06
808.1,  2.39149E-06
808.2,  2.37688E-06
808.3,  2.36235E-06
808.4,  2.34792E-06
808.5,  2.33358E-06
808.6,  2.31933E-06
808.7,  2.30517E-06
808.8,  2.29110E-06
808.9,  2.27712E-06
809.0,  2.26323E-06
809.1,  2.24943E-06
809.2,  2.23572E-06
809.3,  2.22210E-06
809.4,  2.20856E-06
809.5,  2.19512E-06
809.6,  2.18176E-06
809.7,  2.16849E-06
809.8,  2.15530E-06
809.9,  2.14221E-06
810.0,  2.12920E-06
810.1,  2.11627E-06
810.2,  2.10343E-06
810.3,  2.09068E-06
810.4,  2.07800E-06
810.5,  2.06542E-06
810.6,  2.05291E-06
810.7,  2.04049E-06
810.8,  2.02815E-06
810.9,  2.01589E-06
811.0,  2.00371E-06
811.1,  1.99162E-06
811.2,  1.97960E-06
811.3,  1.96766E-06
811.4,  1.95580E-06
811.5,  1.94402E-06
811.6,  1.93231E-06
811.7,  1.92068E-06
811.8,  1.90913E-06
811.9,  1.89766E-06
812.0,  1.88626E-06
812.1,  1.87493E-06
812.2,  1.86368E-06
812.3,  1.85250E-06
812.4,  1.84140E-06
812.5,  1.83037E-06
812.6,  1.81941E-06
812.7,  1.80852E-06
812.8,  1.79771E-06
812.9,  1.78696E-06
813.0,  1.77629E-06
813.1,  1.76569E-06
813.2,  1.75515E-06
813.3,  1.74469E-06
813.4,  1.73429E-06
813.5,  1.72396E-06
813.6,  1.71370E-06
813.7,  1.70350E-06
813.8,  1.69338E-06
813.9,  1.68331E-06
814.0,  1.67332E-06
814.1,  1.66339E-06
814.2,  1.65352E-06
814.3,  1.64372E-06
814.4,  1.63398E-06
814.5,  1.62431E-06
814.6,  1.61470E-06
814.7,  1.60515E-06
814.8,  1.59566E-06
814.9,  1.58624E-06
815.0,  1.57687E-06
815.1,  1.56757E-06
815.2,  1.55833E-06
815.3,  1.54915E-06
815.4,  1.54002E-06
815.5,  1.53096E-06
815.6,  1.52195E-06
815.7,  1.51301E-06
815.8,  1.50412E-06
815.9,  1.49528E-06
816.0,  1.48650E-06
816.1,  1.47778E-06
816.2,  1.46911E-06
816.3,  1.46050E-06
816.4,  1.45194E-06
816.5,  1.44344E-06
816.6,  1.43498E-06
816.7,  1.42658E-06
816.8,  1.41824E-06
816.9,  1.40994E-06
817.0,  1.40170E-06
817.1,  1.39350E-06
817.2,  1.38536E-06
817.3,  1.37727E-06
817.4,  1.36922E-06
817.5,  1.36123E-06
817.6,  1.35328E-06
817.7,  1.34539E-06
817.8,  1.33754E-06
817.9,  1.32973E-06
818.0,  1.32198E-06
818.1,  1.31427E-06
818.2,  1.30661E-06
818.3,  1.29899E-06
818.4,  1.29142E-06
818.5,  1.28389E-06
818.6,  1.27641E-06
818.7,  1.26897E-06
818.8,  1.26158E-06
818.9,  1.25423E-06
819.0,  1.24692E-06
819.1,  1.23965E-06
819.2,  1.23243E-06
819.3,  1.22525E-06
819.4,  1.21811E-06
819.5,  1.21102E-06
819.6,  1.20396E-06
819.7,  1.19694E-06
819.8,  1.18997E-06
819.9,  1.18303E-06
820.0,  1.17614E-06
820.1,  1.16928E-06
820.2,  1.16247E-06
820.3,  1.15569E-06
820.4,  1.14895E-06
820.5,  1.14225E-06
820.6,  1.13559E-06
820.7,  1.12896E-06
820.8,  1.12238E-06
820.9,  1.11583E-06
821.0,  1.10932E-06
821.1,  1.10285E-06
821.2,  1.09641E-06
821.3,  1.09001E-06
821.4,  1.08365E-06
821.5,  1.07733E-06
821.6,  1.07104E-06
821.7,  1.06479E-06
821.8,  1.05858E-06
821.9,  1.05240E-06
822.0,  1.04626E-06
822.1,  1.04015E-06
822.2,  1.03408E-06
822.3,  1.02805E-06
822.4,  1.02205E-06
822.5,  1.01608E-06
822.6,  1.01016E-06
822.7,  1.00426E-06
822.8,  9.98402E-07
822.9,  9.92577E-07
823.0,  9.86787E-07
823.1,  9.81031E-07
823.2,  9.75309E-07
823.3,  9.69621E-07
823.4,  9.63966E-07
823.5,  9.58345E-07
823.6,  9.52758E-07
823.7,  9.47203E-07
823.8,  9.41682E-07
823.9,  9.36194E-07
824.0,  9.30738E-07
824.1,  9.25315E-07
824.2,  9.19924E-07
824.3,  9.14566E-07
824.4,  9.09239E-07
824.5,  9.03945E-07
824.6,  8.98682E-07
824.7,  8.93451E-07
824.8,  8.88251E-07
824.9,  8.83083E-07
825.0,  8.77945E-07
825.1,  8.72839E-07
825.2,  8.67763E-07
825.3,  8.62719E-07
825.4,  8.57704E-07
825.5,  8.52720E-07
825.6,  8.47766E-07
825.7,  8.42842E-07
825.8,  8.37948E-07
825.9,  8.33083E-07
826.0,  8.28249E-07
826.1,  8.23443E-07
826.2,  8.18667E-07
826.3,  8.13920E-07
826.4,  8.09201E-07
826.5,  8.04512E-07
826.6,  7.99851E-07
826.7,  7.95219E-07
826.8,  7.90615E-07
826.9,  7.86039E-07
827.0,  7.81491E-07
827.1,  7.76971E-07
827.2,  7.72479E-07
827.3,  7.68014E-07
827.4,  7.63577E-07
827.5,  7.59167E-07
827.6,  7.54784E-07
827.7,  7.50428E-07
827.8,  7.46099E-07
827.9,  7.41797E-07
828.0,  7.37521E-07
828.1,  7.33271E-07
828.2,  7.29048E-07
828.3,  7.24851E-07
828.4,  7.20680E-07
828.5,  7.16535E-07
828.6,  7.12415E-07
828.7,  7.08321E-07
828.8,  7.04253E-07
828.9,  7.00209E-07
829.0,  6.96191E-07
829.1,  6.92198E-07
829.2,  6.88230E-07
829.3,  6.84286E-07
829.4,  6.80367E-07
829.5,  6.76472E-07
829.6,  6.72602E-07
829.7,  6.68756E-07
829.8,  6.64934E-07
829.9,  6.61135E-07
830.0,  6.57361E-07
