2.891452945394574758e+00
1.000021330684109477e+00
1.000021330684109477e+00
9.965401337463947185e-01
1.583345277647907057e-01
8.633663678541975139e-01
1.775966677410367955e+00
2.692777206020066760e+00
2.692777230358503360e+00
2.872561837040452648e+00
2.857889739404630536e+00
2.844866965223067368e+00
2.833516287212686890e+00
2.823857788623121756e+00
2.823857788669486002e+00
2.809758414263760162e+00
2.802500026675307954e+00
2.802134854927229135e+00
2.808665043696881192e+00
2.808665045085659173e+00
2.812311060478906555e+00
2.816694547281893612e+00
2.821812105071743293e+00
2.827659720560599332e+00
2.826797567342543172e+00
2.657616060367473221e+00
2.657616077995585524e+00
1.387773554709037072e+00
5.656446361828143532e-01
1.498146345686881320e+00
2.774840996864703868e+00
2.944818111311198194e+00
