-1.000000000000000000e+00 7.405564270000000171e+00 9.140387889999999904e-02
-9.000000000000000222e-01 6.664879240000000316e+00 7.403428489999999695e-02
-8.000000000000000444e-01 5.924234829999999619e+00 5.849420539999999891e-02
-7.000000000000000666e-01 5.183626519999999793e+00 4.478326170000000023e-02
-6.000000000000000888e-01 4.443049789999999888e+00 3.290111960000000058e-02
-5.000000000000001110e-01 3.702500140000000162e+00 2.284748929999999914e-02
-4.000000000000001332e-01 2.961973040000000168e+00 1.462212589999999958e-02
-3.000000000000001554e-01 2.221463990000000166e+00 8.224828879999999953e-03
-2.000000000000001776e-01 1.480968480000000032e+00 3.655442389999999809e-03
-1.000000000000001998e-01 7.404819820000000385e-01 9.138550289999999767e-04
-2.220446049250313081e-16 1.644198620000000026e-15 0.000000000000000000e+00
9.999999999999964473e-02 -7.404819820000000385e-01 9.138550289999999767e-04
1.999999999999997335e-01 -1.480968480000000032e+00 3.655442389999999809e-03
2.999999999999998224e-01 -2.221463990000000166e+00 8.224828879999999953e-03
3.999999999999996891e-01 -2.961973040000000168e+00 1.462212589999999958e-02
4.999999999999995559e-01 -3.702500140000000162e+00 2.284748929999999914e-02
5.999999999999996447e-01 -4.443049789999999888e+00 3.290111960000000058e-02
6.999999999999997335e-01 -5.183626519999999793e+00 4.478326170000000023e-02
7.999999999999996003e-01 -5.924234829999999619e+00 5.849420539999999891e-02
8.999999999999994671e-01 -6.664879240000000316e+00 7.403428489999999695e-02
9.999999999999995559e-01 -7.405564270000000171e+00 9.140387889999999904e-02
