-1.000000000000000000e+00 0.000000000000000000e+00 -1.047624129999999987e+01
-9.000000000000000222e-01 0.000000000000000000e+00 -9.427889240000000726e+00
-8.000000000000000444e-01 0.000000000000000000e+00 -8.379767140000000225e+00
-7.000000000000000666e-01 0.000000000000000000e+00 -7.331849410000000233e+00
-6.000000000000000888e-01 0.000000000000000000e+00 -6.284110459999999954e+00
-5.000000000000001110e-01 0.000000000000000000e+00 -5.236524710000000304e+00
-4.000000000000001332e-01 0.000000000000000000e+00 -4.189066620000000185e+00
-3.000000000000001554e-01 0.000000000000000000e+00 -3.141710639999999888e+00
-2.000000000000001776e-01 0.000000000000000000e+00 -2.094431220000000149e+00
-1.000000000000001998e-01 0.000000000000000000e+00 -1.047202849999999907e+00
-2.220446049250313081e-16 0.000000000000000000e+00 0.000000000000000000e+00
9.999999999999964473e-02 0.000000000000000000e+00 1.047202849999999907e+00
1.999999999999997335e-01 0.000000000000000000e+00 2.094431220000000149e+00
2.999999999999998224e-01 0.000000000000000000e+00 3.141710639999999888e+00
3.999999999999996891e-01 0.000000000000000000e+00 4.189066620000000185e+00
4.999999999999995559e-01 0.000000000000000000e+00 5.236524710000000304e+00
5.999999999999996447e-01 0.000000000000000000e+00 6.284110459999999954e+00
6.999999999999997335e-01 0.000000000000000000e+00 7.331849410000000233e+00
7.999999999999996003e-01 0.000000000000000000e+00 8.379767140000000225e+00
8.999999999999994671e-01 0.000000000000000000e+00 9.427889240000000726e+00
9.999999999999995559e-01 0.000000000000000000e+00 1.047624129999999987e+01
